Name,Size at Posting,Created,Type,Likes,Comments,Shares,Love,Wow,Haha,Sad,Angry,Thankful,Video Share Status,Post Views,Total Views,Total Views for all Crossposts,URL,Message,Link,Final Link,Link Text,Description,Sponsor Id,Sponsor Name,Score
TVBS 新聞,2032825,2018-04-26 20:20:00 SGT,Link,29025,750,707,2401,89,15,5382,17,0,,0,0,0,https://www.facebook.com/tvbsfb/posts/10155351099210933,女兒最後向父親喊話，「爸爸你的任務結束了，我們一起回家吧」。 江湖在走，【 TVBS 新聞 官方Line】要有→https://goo.gl/QDzHny:=:https://line.me/R/ti/p/%40tvbsnews 【「過勞不是他所願…」　殉職警女兒原諒肇事司機】,https://news.tvbs.com.tw/local/909173,,「過勞不是他所願…」　殉職警女兒原諒肇事司機│TVBS新聞網,,,,38386.0
TVBS 新聞,2032905,2018-04-27 22:40:00 SGT,Link,11169,328,260,34,694,220,3,5,0,,0,0,0,https://www.facebook.com/tvbsfb/posts/10155353543935933,恭喜勝文健康活出人生👏👏👏 江湖在走，【 TVBS 新聞 官方Line】要有→https://goo.gl/QDzHny:=:https://line.me/R/ti/p/%40tvbsnews 【成功減重23.5公斤　路人驚呆「這不是連勝文」】,https://news.tvbs.com.tw/politics/909692,,成功減重23.5公斤　路人驚呆「這不是連勝文」│TVBS新聞網,,,,12713.0
TVBS 新聞,2032825,2018-04-26 23:10:08 SGT,Native Video,10030,307,332,181,687,25,26,3,0,original,326826,345924,0,https://www.facebook.com/tvbsfb/posts/1790398054354774,真的hen敬業耶(｀･ω･´) ｂ 小嫻 （黃瑜嫻） 更多 #娛樂新聞→https://goo.gl/QDzHny:=:https://line.me/R/ti/p/%40tvbsnews 【為演女兵剃髮！　小嫻挑戰入行以來最短髮】,https://www.facebook.com/tvbsfb/videos/1790398054354774/,,為演女兵剃髮！　小嫻挑戰入行以來最短髮,,,,11591.0
TVBS 新聞,2032905,2018-04-27 14:00:01 SGT,Link,8230,730,588,50,213,1258,5,16,0,,0,0,0,https://www.facebook.com/tvbsfb/posts/10155352860655933,高雄會不會也變天........? 快加【TVBS 新聞Line】精選話題報你知→https://goo.gl/QDzHny:=:https://line.me/R/ti/p/%40tvbsnews 【深綠鐵票倉要變天了？　近一半台南市民希望「換黨」】 https://news.tvbs.com.tw/politics/909544,https://news.tvbs.com.tw/politics/909544,,深綠鐵票倉要變天了？　近一半台南市民希望「換黨」│TVBS新聞網,,,,11090.0
TVBS 新聞,2032905,2018-04-27 09:00:02 SGT,Native Video,7988,452,1961,84,264,16,1,6,0,original,147164,188376,0,https://www.facebook.com/tvbsfb/posts/10160349979375137,這竟然是自行車欸！感覺很有趣的說~ 吃喝玩樂看這裡→https://goo.gl/QDzHny:=:https://line.me/R/ti/p/%40tvbsnews . 【騎上舊山線「鐵軌自行車」　半空賞龍騰斷橋】 https://news.tvbs.com.tw/life/908081,https://www.facebook.com/tvbsfb/videos/10160349979375137/,,騎上舊山線「鐵軌自行車」　半空賞龍騰斷橋,,,,10772.0
TVBS 新聞,2032825,2018-04-26 11:40:00 SGT,Link,7556,345,134,14,396,120,12,497,0,,0,0,0,https://www.facebook.com/tvbsfb/posts/10155350535195933,厲害、厲害 狄鶯 孫鵬 狄鶯兒在美被捕→https://goo.gl/L9eVGb:=:https://news.tvbs.com.tw/pack/packdetail/310 江湖在走，【 TVBS 新聞 官方Line】要有→https://goo.gl/QDzHny:=:https://line.me/R/ti/p/%40tvbsnews 【王牌律師出這招！幫狄鶯省6百萬　可望全身而退】,https://news.tvbs.com.tw/world/908764,,王牌律師出這招！幫狄鶯省6百萬　可望全身而退│TVBS新聞網,,,,9074.0
TVBS 新聞,2032905,2018-04-27 23:10:10 SGT,Link,3598,109,272,7,353,5,861,3196,0,,0,0,0,https://www.facebook.com/tvbsfb/posts/10155353648050933,他們都只是孩子，太殘忍了...😡😡😡 #內有影片 江湖在走，【 TVBS 新聞 官方Line】要有→https://goo.gl/QDzHny:=:https://line.me/R/ti/p/%40tvbsnews 【凶手擋在放學必經之路上　7學生被隨機砍死】,https://news.tvbs.com.tw/local/909945,,凶手擋在放學必經之路上　7學生被隨機砍死│TVBS新聞網,,,,8401.0
TVBS 新聞,2032905,2018-04-27 23:40:00 SGT,Native Video,5563,77,501,735,14,8,982,20,0,original,143239,154723,0,https://www.facebook.com/tvbsfb/posts/1791404374254142,揪甘心der毛小孩～祝福牠找到一個溫暖的家(♡´౪`♡) 【遭主人遺棄還被打斷腿！「花媽」卻懂得報恩送花給農友】 https://news.tvbs.com.tw/life/909960 #野生現場,https://www.facebook.com/tvbsfb/videos/1791404374254142/,,遭主人遺棄還被打斷腿！「花媽」卻懂得報恩送花給農友,,,,7900.0
TVBS 新聞,2032825,2018-04-26 14:00:01 SGT,Link,3167,141,820,8,728,8,53,2668,0,,0,0,0,https://www.facebook.com/tvbsfb/posts/10155350641745933,不管是不是租屋，都要注意自身安全 江湖在走，【 TVBS 新聞 官方Line】要有→https://goo.gl/QDzHny:=:https://line.me/R/ti/p/%40tvbsnews 【租屋族小心！女出門上班　慘遭鄰居拖入性侵】,https://news.tvbs.com.tw/world/908853,,租屋族小心！女出門上班　慘遭鄰居拖入性侵│TVBS新聞網,,,,7593.0
TVBS 新聞,2032720,2018-04-26 00:20:00 SGT,Link,4944,101,250,10,342,1470,4,5,0,,0,0,0,https://www.facebook.com/tvbsfb/posts/10155348975895933,正宮的逆襲啊...惹不起（汗） 江湖在走，【 TVBS 新聞 官方Line】要有→https://goo.gl/QDzHny:=:https://line.me/R/ti/p/%40tvbsnews 【空姐樂當小三　正宮登機親贈「感謝錦旗」】,https://news.tvbs.com.tw/world/908530,,空姐樂當小三　正宮登機親贈「感謝錦旗」│TVBS新聞網,,,,7126.0
TVBS 新聞,2032825,2018-04-26 20:00:01 SGT,Link,2186,372,632,5,1928,60,39,1004,0,,0,0,0,https://www.facebook.com/tvbsfb/posts/10155351052815933,小編的胃經不起考驗啊啊啊啊...🤮🤮🤮 江湖在走，【 TVBS 新聞 官方Line】要有→https://goo.gl/QDzHny:=:https://line.me/R/ti/p/%40tvbsnews 【噁！吃冰棒吃到「老鼠尾巴」　女氣炸求償24萬】,https://news.tvbs.com.tw/world/909147,,噁！吃冰棒吃到「老鼠尾巴」　女氣炸求償24萬│TVBS新聞網,,,,6226.0
TVBS 新聞,2032825,2018-04-26 10:15:00 SGT,Link,4567,66,74,15,152,8,397,827,0,,0,0,0,https://www.facebook.com/tvbsfb/posts/10155348691825933,為了替女兒討回公道，不管燒再多的錢，媽媽在所不惜...😭😭😭 江湖在走，【 TVBS 新聞 官方Line】要有→https://goo.gl/QDzHny:=:https://line.me/R/ti/p/%40tvbsnews 【正妹被同學性侵殺害　母花1500萬展開「復仇行動」】,https://news.tvbs.com.tw/world/908366,,正妹被同學性侵殺害　母花1500萬展開「復仇行動」│TVBS新聞網,,,,6106.0
TVBS 新聞,2032905,2018-04-27 22:50:00 SGT,Link,4200,437,110,10,179,991,21,28,0,,0,0,0,https://www.facebook.com/tvbsfb/posts/10155353539210933,余天大哥三天兩頭就要煩孩子的事，辛苦了...（拍拍） 更多 #娛樂新聞→https://goo.gl/QDzHny:=:https://line.me/R/ti/p/%40tvbsnews 【女兒落敗後又失業！余天無奈揭「拍桌嗆英」內幕】,https://news.tvbs.com.tw/entertainment/909922?from=fbnews,,女兒落敗後又失業！余天無奈揭「拍桌嗆英」內幕│TVBS新聞網,,,,5976.0
TVBS 新聞,2032825,2018-04-26 18:03:02 SGT,Link,4155,372,303,105,65,235,18,14,0,,0,0,0,https://www.facebook.com/tvbsfb/posts/10155351002540933,#最新 毒品碰不得啊～嘖嘖 江湖在走，【 TVBS 新聞 官方Line】要有→https://goo.gl/QDzHny:=:https://line.me/R/ti/p/%40tvbsnews 【走私毒品印尼被逮　3台灣人遭判處死刑】,https://news.tvbs.com.tw/local/909099,,走私毒品印尼被逮　3台灣人遭判處死刑│TVBS新聞網,,,,5267.0
TVBS 新聞,2032905,2018-04-27 11:43:56 SGT,Link,4170,255,237,42,74,310,3,25,0,,0,0,0,https://www.facebook.com/tvbsfb/posts/10155352733960933,#最新消息 魏應充重判15年!! 快加【TVBS新聞Line】精選話題報你知→https://goo.gl/QDzHny:=:https://line.me/R/ti/p/%40tvbsnews 【頂新案大逆轉！違食安法　魏應充重判15年】 https://news.tvbs.com.tw/life/909458,https://news.tvbs.com.tw/life/909458,,頂新案大逆轉！違食安法　魏應充重判15年│TVBS新聞網,,,,5116.0
TVBS 新聞,2032825,2018-04-26 12:45:00 SGT,Link,3134,291,220,6,45,707,2,688,0,,0,0,0,https://www.facebook.com/tvbsfb/posts/10155350588920933,該付的就是要付，這就是耍賴結果 江湖在走，【 TVBS 新聞 官方Line】要有→https://goo.gl/QDzHny:=:https://line.me/R/ti/p/%40tvbsnews 【奧老闆請工讀不支薪　挨罰20萬後「道歉了」】,https://news.tvbs.com.tw/life/908808,,奧老闆請工讀不支薪　挨罰20萬後「道歉了」│TVBS新聞網,,,,5093.0
TVBS 新聞,2032825,2018-04-26 19:50:00 SGT,Native Video,2442,133,420,19,265,3,1723,48,0,original,173469,182224,0,https://www.facebook.com/tvbsfb/posts/1790103767717536,這年紀是最需要家長陪伴的時候啊...QQQQQ 江湖在走，【 TVBS 新聞 官方Line】要有→https://goo.gl/QDzHny:=:https://line.me/R/ti/p/%40tvbsnews 【孤單童年！只有手機陪　4歲女童獨留家中】,https://www.facebook.com/tvbsfb/videos/1790103767717536/,,孤單童年！只有手機陪　4歲女童獨留家中,,,,5053.0
TVBS 新聞,2032825,2018-04-26 13:00:01 SGT,Link,4097,35,106,3,614,6,83,3,0,,0,0,0,https://www.facebook.com/tvbsfb/posts/10155350618545933,這傳統習俗已經好幾百年了 江湖在走，【 TVBS 新聞 官方Line】要有→https://goo.gl/QDzHny:=:https://line.me/R/ti/p/%40tvbsnews 【獨輪車推一半不走！法師連送3次肉粽「第三次最兇」】,https://news.tvbs.com.tw/life/908816,,獨輪車推一半不走！法師連送3次肉粽「第三次最兇」│TVBS新聞網,,,,4947.0
TVBS 新聞,2032905,2018-04-27 16:20:00 SGT,Link,2479,116,144,5,846,4,92,1082,0,,0,0,0,https://www.facebook.com/tvbsfb/posts/10155353008675933,女孩上學竟然下體流血......老師怎麼沒發現😱😱😱😱😱 快加【TVBS 新聞Line】精選話題報你知→https://goo.gl/QDzHny:=:https://line.me/R/ti/p/%40tvbsnews 【小二女童校園下體流血　母控校方未察覺】 https://news.tvbs.com.tw/local/909594,https://news.tvbs.com.tw/local/909594,,小二女童校園下體流血　母控校方未察覺│TVBS新聞網,,,,4768.0
TVBS 新聞,2032825,2018-04-27 05:40:00 SGT,Native Video,1940,130,1318,11,389,21,418,226,0,original,131533,200694,0,https://www.facebook.com/tvbsfb/posts/10160349929645137,然後這些水還被用來灌溉，種出來的作物被大家吃下肚，難怪現在大家這麼容易吃出病來😰😰😰 #河川變色水危機→https://goo.gl/Hhej5T:=:https://news.tvbs.com.tw/pack/packdetail/321 . 【憂鬱的變色東港溪　畜牧屎尿汙染難清澈】 https://news.tvbs.com.tw/life/907672 . 【#十點不一樣 周一至周五晚間10點@55台】,https://www.facebook.com/tvbsfb/videos/10160349929645137/,,憂鬱的變色東港溪　畜牧屎尿汙染難清澈,,,,4453.0
TVBS 新聞,2032825,2018-04-27 05:00:01 SGT,Native Video,1189,930,472,6,51,333,17,1225,0,original,76472,108501,0,https://www.facebook.com/tvbsfb/posts/10160349764225137,欸欸欸~你也要負起責任吧！怎麼講得好像跟你沒關係一樣！ #反年改 懶人包→https://goo.gl/qHhqbE:=:https://news.tvbs.com.tw/pack/packdetail/295 . 【反年改失控施暴！　總統：痛心傷害國軍形象】 https://news.tvbs.com.tw/politics/909118,https://www.facebook.com/tvbsfb/videos/10160349764225137/,,反年改失控施暴！　總統：痛心傷害國軍形象,,,,4223.0
TVBS 新聞,2032825,2018-04-27 00:45:00 SGT,Link,2895,89,227,2,729,14,180,2,0,,0,0,0,https://www.facebook.com/tvbsfb/posts/10155351562180933,當地人形容送肉粽當晚「整個安靜的可怕」..... 應該遵守的習俗→https://goo.gl/QDzHny:=:https://line.me/R/ti/p/%40tvbsnews . 【小孩鐵齒看「送肉粽」　隔天遇死亡車禍】 https://news.tvbs.com.tw/life/909291,https://news.tvbs.com.tw/life/909291,,小孩鐵齒看「送肉粽」　隔天遇死亡車禍│TVBS新聞網,,,,4138.0
TVBS 新聞,2032825,2018-04-27 07:20:00 SGT,Link,2896,88,98,12,397,113,41,458,0,,0,0,0,https://www.facebook.com/tvbsfb/posts/10155351989860933,駕駛才16歲..... 追蹤更多後續報導→https://goo.gl/QDzHny:=:https://line.me/R/ti/p/%40tvbsnews . 【他讓無照屁孩飆喜美　慘飛車外頭撞地爆血】 https://news.tvbs.com.tw/local/909241,https://news.tvbs.com.tw/local/909241,,他讓無照屁孩飆喜美　慘飛車外頭撞地爆血│TVBS新聞網,,,,4103.0
TVBS 新聞,2032825,2018-04-26 21:30:00 SGT,Link,1879,143,1041,3,298,90,11,543,0,,0,0,0,https://www.facebook.com/tvbsfb/posts/10155351074015933,想兼差工作的朋友，別上當了！ 江湖在走，【 TVBS 新聞 官方Line】要有→https://goo.gl/QDzHny:=:https://line.me/R/ti/p/%40tvbsnews 【假的！　在家「摺星星」月入3萬民眾遭詐騙】,https://news.tvbs.com.tw/local/909130,,假的！　在家「摺星星」月入3萬民眾遭詐騙│TVBS新聞網,,,,4008.0
TVBS 新聞,2032825,2018-04-26 12:10:00 SGT,Link,1150,141,225,4,162,1,632,1567,0,,0,0,0,https://www.facebook.com/tvbsfb/posts/10155350426835933,到底是誰這麼沒良心🙏🙏🙏 江湖在走，【 TVBS 新聞 官方Line】要有→https://goo.gl/QDzHny:=:https://line.me/R/ti/p/%40tvbsnews 【狠心！　安平運河發現未剪臍帶女棄嬰】,https://news.tvbs.com.tw/local/908731,,狠心！　安平運河發現未剪臍帶女棄嬰│TVBS新聞網,,,,3882.0
TVBS 新聞,2032825,2018-04-26 23:20:00 SGT,Link,3145,186,95,11,129,247,9,53,0,,0,0,0,https://www.facebook.com/tvbsfb/posts/10155351071610933,人在現場的所長透露，「這場陳抗的學長真的很硬...」 江湖在走，【 TVBS 新聞 官方Line】要有→https://goo.gl/QDzHny:=:https://line.me/R/ti/p/%40tvbsnews 【特種集合「四分衛」！涼山鬼加入反軍改　警：最硬陳抗】,https://news.tvbs.com.tw/politics/909164,,特種集合「四分衛」！涼山鬼加入反軍改　警：最硬陳抗 │TVBS新聞網,,,,3875.0
TVBS 新聞,2032825,2018-04-26 16:40:00 SGT,Link,2444,301,773,9,174,37,1,1,0,,0,0,0,https://www.facebook.com/tvbsfb/posts/10155350839705933,三週後要參加婚禮，就決定用這招試試看！ 快加【TVBS 新聞Line】精選話題報你知→https://goo.gl/QDzHny:=:https://line.me/R/ti/p/%40tvbsnews 【免節食！飯前來根「小黃瓜」　3週狂甩近7公斤】 https://news.tvbs.com.tw/life/908143,https://news.tvbs.com.tw/life/908143,,免節食！飯前來根「小黃瓜」　3週狂甩近7公斤│TVBS新聞網,,,,3740.0
TVBS 新聞,2032905,2018-04-27 15:45:00 SGT,Link,2007,29,677,2,830,4,77,2,0,,0,0,0,https://www.facebook.com/tvbsfb/posts/10155352960855933,如果你一直聞到怪味，恐是 #腦瘤！ 快加【TVBS 新聞Line】精選話題報你知→https://goo.gl/QDzHny:=:https://line.me/R/ti/p/%40tvbsnews 【老是聞到腐臭味　腦部腫瘤搞鬼】 https://news.tvbs.com.tw/health/909613,https://news.tvbs.com.tw/health/909613,,老是聞到腐臭味　腦部腫瘤搞鬼│TVBS新聞網,,,,3628.0
TVBS 新聞,2032720,2018-04-26 04:00:01 SGT,Native Video,1572,64,977,7,301,14,468,66,0,original,80483,93838,0,https://www.facebook.com/tvbsfb/posts/10160345737750137,「我們這樣搞下去台灣2050年，甚至更早更快，我們這個地方就沒有辦法再住人」 #河川變色水危機→https://goo.gl/Hhej5T:=:https://news.tvbs.com.tw/pack/packdetail/321 . 【河川汙染浩劫　台灣缺水國全球排第19】 https://news.tvbs.com.tw/life/907667 . 【#十點不一樣 周一至周五晚間10點@55台】,https://www.facebook.com/tvbsfb/videos/10160345737750137/,,河川汙染浩劫　台灣缺水國全球排第19,,,,3469.0
TVBS 新聞,2032825,2018-04-26 20:40:00 SGT,Native Video,2546,89,462,54,84,11,7,3,0,original,126883,138887,0,https://www.facebook.com/tvbsfb/posts/1790088014385778,好懷念歐QQQQQ台北的天空～有我年輕的笑容～♫♪♫♪ 江湖在走，【 TVBS 新聞 官方Line】要有→https://goo.gl/QDzHny:=:https://line.me/R/ti/p/%40tvbsnews 【勾起你我的回憶 民國84年的北車、士林夜市長這樣！】,https://www.facebook.com/tvbsfb/videos/1790088014385778/,,勾起你我的回憶 民國84年的北車、士林夜市長這樣！,,,,3256.0
TVBS 新聞,2032825,2018-04-26 19:20:00 SGT,Link,2004,293,106,9,46,398,7,363,0,,0,0,0,https://www.facebook.com/tvbsfb/posts/10155350971230933,打斷別人說話很失禮捏... 江湖在走，【 TVBS 新聞 官方Line】要有→https://goo.gl/QDzHny:=:https://line.me/R/ti/p/%40tvbsnews 【共機再繞台！囂張嗆「還中華民國」　諷我戰管：國語練好】,https://news.tvbs.com.tw/politics/909058,,共機再繞台！囂張嗆「還中華民國」　諷我戰管：國語練好│TVBS新聞網,,,,3226.0
TVBS 新聞,2032825,2018-04-27 08:00:02 SGT,Native Video,2207,130,187,7,24,629,1,2,0,original,186371,189811,0,https://www.facebook.com/tvbsfb/posts/10160349959625137,欸！真的差蠻多的耶！！！！ 這樣做也有效→https://goo.gl/QDzHny:=:https://line.me/R/ti/p/%40tvbsnews . 【連續30天伏地挺身　1個月後的驚人變化讓他傻眼】 https://news.tvbs.com.tw/life/908637 . 影片授權：J.A.M狠愛演 #野生現場,https://www.facebook.com/tvbsfb/videos/10160349959625137/,,連續30天伏地挺身　1個月後的驚人變化讓他傻眼,,,,3187.0
TVBS 新聞,2032905,2018-04-27 11:30:00 SGT,Link,992,50,87,2,74,9,616,1350,0,,0,0,0,https://www.facebook.com/tvbsfb/posts/10155352470890933,受虐畫面好令人不捨 江湖在走，【 TVBS 新聞 官方Line】要有→https://goo.gl/QDzHny:=:https://line.me/R/ti/p/%40tvbsnews 【脖子被鐵鍊拴住！印尼小女孩路邊乞討　真相讓人心碎】,https://news.tvbs.com.tw/world/909362,,脖子被鐵鍊拴住！印尼小女孩路邊乞討　真相讓人心碎│TVBS新聞網,,,,3180.0
TVBS 新聞,2032825,2018-04-27 00:30:00 SGT,Link,2086,26,45,4,693,5,202,90,0,,0,0,0,https://www.facebook.com/tvbsfb/posts/10155351546045933,#有圖慎入 天啊天啊天啊😱😱😱😱😱😱 更多 #國際新聞→https://goo.gl/QDzHny:=:https://line.me/R/ti/p/%40tvbsnews . 【慎入！女洩密情報遭斬首　頭顱掛電線「展示」】 https://news.tvbs.com.tw/world/909299,https://news.tvbs.com.tw/world/909299,,慎入！女洩密情報遭斬首　頭顱掛電線「展示」│TVBS新聞網,,,,3151.0
TVBS 新聞,2032720,2018-04-26 00:00:01 SGT,Native Video,1704,106,1164,12,80,41,39,5,0,original,94997,154557,0,https://www.facebook.com/tvbsfb/posts/10155349111915933,怎麼身邊朋友.同學都去大陸工作了？百萬免還創業金、免費公寓，大陸紅利背後暗藏什麼？台灣如何自救？請鎖定TVBS #人才去哪兒 專題報導 4.28(六)21:00 首播 4.29(日)15:00 重播,https://www.facebook.com/tvbsfb/videos/10155349102100933/,,人才去哪兒？誰關了回家的門？,,,,3151.0
TVBS 新聞,2032905,2018-04-27 22:10:00 SGT,Link,2662,36,53,181,19,3,1,0,0,,0,0,0,https://www.facebook.com/tvbsfb/posts/10155353493810933,大家還記得貢丸湯事件嗎？ 江湖在走，【 TVBS 新聞 官方Line】要有→https://goo.gl/QDzHny:=:https://line.me/R/ti/p/%40tvbsnews 【一年過後…貢丸湯事件的孩子近況曝光了】,https://news.tvbs.com.tw/life/909811,,一年過後…貢丸湯事件的孩子近況曝光了│TVBS新聞網,,,,2955.0
TVBS 新聞,2032825,2018-04-27 07:40:00 SGT,Link,1904,211,125,3,238,37,6,361,0,,0,0,0,https://www.facebook.com/tvbsfb/posts/10155352003420933,這量好驚人喔！！😨😨😨😨 追蹤更多後續報導→https://goo.gl/QDzHny:=:https://line.me/R/ti/p/%40tvbsnews . 【海巡攔截台漁船走私　驚見市價8億元毒品】 https://news.tvbs.com.tw/local/908858,https://news.tvbs.com.tw/local/908858,,海巡攔截台漁船走私　驚見市價8億元毒品│TVBS新聞網,,,,2885.0
TVBS 新聞,2032825,2018-04-26 22:00:02 SGT,Link,2278,64,61,4,242,115,26,42,0,,0,0,0,https://www.facebook.com/tvbsfb/posts/10155351270680933,毒品會毀了妳一輩子的...（長嘆） 江湖在走，【 TVBS 新聞 官方Line】要有→https://goo.gl/QDzHny:=:https://line.me/R/ti/p/%40tvbsnews 【天天毒趴「一砲換一泡」　美女染毒後走鐘大崩壞】,https://news.tvbs.com.tw/local/909114,,天天毒趴「一砲換一泡」　美女染毒後走鐘大崩壞│TVBS新聞網,,,,2832.0
TVBS 新聞,2032825,2018-04-26 16:30:00 SGT,Native Video,1911,28,702,21,135,5,0,1,0,original,63910,73070,0,https://www.facebook.com/tvbsfb/posts/1738412469580696,看完影片，讓我把人生又想了一變.......... 多讀書，你會發現世界與你想像的不同→https://goo.gl/QDzHny:=:https://line.me/R/ti/p/%40tvbsnews 【從小喜愛閱讀培養創造力！13歲少女休學自己創業當CEO】 影片授權：一条 YIT,https://www.facebook.com/tvbsfb/videos/1738412469580696/,,從小喜愛閱讀培養創造力！13歲少女休學自己創業當CEO,,,,2803.0
TVBS 新聞,2032720,2018-04-26 01:40:00 SGT,Native Video,1910,123,114,13,210,21,37,368,0,original,165958,172045,0,https://www.facebook.com/tvbsfb/posts/10160345227110137,網友還罵他們不要臉、狗男女..... #不要用鍵盤執行正義→https://goo.gl/QDzHny:=:https://line.me/R/ti/p/%40tvbsnews . 【「她們拿走我的皮夾」　做好事反被PO網當成賊】 https://news.tvbs.com.tw/local/908390,https://www.facebook.com/tvbsfb/videos/10160345227110137/,,「她們拿走我的皮夾」　做好事反被PO網當成賊,,,,2796.0
TVBS 新聞,2032905,2018-04-27 15:27:03 SGT,Live Video Complete,1844,388,254,115,23,69,2,7,0,original,122816,144535,0,https://www.facebook.com/tvbsfb/posts/10155352770275933,【金正恩、文在寅合力種松樹LIVE】 文金會今登場，早上100分鐘的會談後，南北韓雙方將各自用午餐，下午先在分隔南北韓的軍事分界線合力種下一棵松樹，象徵朝 鮮半島的和平。 #TVBS新聞｜#TVBSSNG｜#TVBS直播 更多訊息點這→https://goo.gl/QD,https://www.facebook.com/tvbsfb/videos/10155352770275933/,,金正恩、文在寅合力種松樹LIVE,,,,2702.0
TVBS 新聞,2032720,2018-04-26 06:50:00 SGT,Native Video,1390,253,392,9,236,62,7,300,0,original,138542,154233,0,https://www.facebook.com/tvbsfb/posts/10160345773120137,原來這樣也算違規啊！！！ 原來這些都算違規→https://goo.gl/QDzHny:=:https://line.me/R/ti/p/%40tvbsnews . 【臨停等車位！駕駛秒收罰單　警：併排違規】 https://news.tvbs.com.tw/local/908432,https://www.facebook.com/tvbsfb/videos/10160345773120137/,,臨停等車位！駕駛秒收罰單　警：併排違規,,,,2649.0
TVBS 新聞,2032905,2018-04-27 20:40:00 SGT,Link,898,86,603,2,857,11,80,22,0,,0,0,0,https://www.facebook.com/tvbsfb/posts/10155353331700933,最近有搭過大眾運輸工具的朋友們可能都要注意啦！😱😱😱 　 TVBS新聞APP→https://goo.gl/ukMRq6:=:http://vip.tvbs.com.tw/appshare/fbappinstall.html?utm_source=FB&utm_medium=calltoaction&utm_campaign=saurman 【麻疹再增1例　北部20歲男性曾搭捷運、公車】 https://news.tvbs.com.tw/life/909750,https://news.tvbs.com.tw/life/909750,,麻疹再增1例　北部20歲男性曾搭捷運、公車│TVBS新聞網,,,,2559.0
TVBS 新聞,2032905,2018-04-27 21:20:49 SGT,Native Video,943,116,236,8,100,1,443,589,0,original,131789,171845,0,https://www.facebook.com/tvbsfb/posts/1791301250931121,小小的身軀受這種折磨， 小編好心疼啊...（拍拍） 江湖在走，【 TVBS 新聞 官方Line】要有→https://goo.gl/QDzHny:=:https://line.me/R/ti/p/%40tvbsnews 【女嬰屁爛！大小便就痛　母控月子中心疏忽】,https://www.facebook.com/tvbsfb/videos/1791301250931121/,,女嬰屁爛！大小便就痛　母控月子中心疏忽,,,,2436.0
TVBS 新聞,2032825,2018-04-26 09:45:00 SGT,Link,1290,45,80,4,484,5,23,493,0,,0,0,0,https://www.facebook.com/tvbsfb/posts/10155350270050933,竟然可以這麼冷靜.... #有影片慎入 江湖在走，【 TVBS 新聞 官方Line】要有→https://goo.gl/QDzHny:=:https://line.me/R/ti/p/%40tvbsnews 【冷血男拎人頭上街閒晃　淡定自首：我殺了我老婆】,https://news.tvbs.com.tw/world/908705,,冷血男拎人頭上街閒晃　淡定自首：我殺了我老婆│TVBS新聞網,,,,2424.0
TVBS 新聞,2032905,2018-04-27 20:00:01 SGT,Link,738,66,805,3,476,6,287,14,0,,0,0,0,https://www.facebook.com/tvbsfb/posts/10155353195095933,家中有小孩千萬要注意！ 江湖在走，【 TVBS 新聞 官方Line】要有→https://goo.gl/QDzHny:=:https://line.me/R/ti/p/%40tvbsnews 【小心！女童手拿利剪玩耍　跌倒直插臉頰險失明】,https://news.tvbs.com.tw/world/909734,,小心！女童手拿利剪玩耍　跌倒直插臉頰險失明│TVBS新聞網,,,,2395.0
TVBS 新聞,2032905,2018-04-27 11:00:02 SGT,Native Video,2088,87,87,19,61,46,0,0,0,original,96380,98160,0,https://www.facebook.com/tvbsfb/posts/10156297465489246,兩人笑容滿面呢 江湖在走，【 TVBS 新聞 官方Line】要有→https://goo.gl/QDzHny:=:https://line.me/R/ti/p/%40tvbsnews 【文金首同框！金正恩登板門店　文在寅親迎接】 #文金會 跨越38度→https://goo.gl/7g1FPk:=:https://news.tvbs.com.tw/pack/packdetail/320 https://news.tvbs.com.tw/world/909371,https://www.facebook.com/tvbsfb/videos/10156297465489246/,,文金首同框！金正恩登板門店　文在寅親迎接,,,,2388.0
TVBS 新聞,2032825,2018-04-26 22:10:00 SGT,Link,1808,89,115,0,210,93,10,44,0,,0,0,0,https://www.facebook.com/tvbsfb/posts/10155351101995933,錢包都在哭泣了...😅😅😅 江湖在走，【 TVBS 新聞 官方Line】要有→https://goo.gl/QDzHny:=:https://line.me/R/ti/p/%40tvbsnews 【加油跳停「再加一點點」　貪便宜反噴8千元】,https://news.tvbs.com.tw/life/909187,,加油跳停「再加一點點」　貪便宜反噴8千元│TVBS新聞網,,,,2369.0
TVBS 新聞,2032905,2018-04-27 23:20:00 SGT,Link,1845,185,61,9,19,102,5,120,0,,0,0,0,https://www.facebook.com/tvbsfb/posts/10155353572180933,濃濃der火藥味啊～ 江湖在走，【 TVBS 新聞 官方Line】要有→https://goo.gl/QDzHny:=:https://line.me/R/ti/p/%40tvbsnews 【保持緘默遭批「不良示範」　馬英九嗆北檢：誤導國人】,https://news.tvbs.com.tw/politics/909943,,保持緘默遭批「不良示範」　馬英九嗆北檢：誤導國人│TVBS新聞網,,,,2346.0
TVBS 新聞,2032825,2018-04-26 13:45:00 SGT,Link,2126,51,19,1,50,54,5,15,0,,0,0,0,https://www.facebook.com/tvbsfb/posts/10155350688805933,果然請對律師了（咦？ 狄鶯 孫鵬 狄鶯兒在美被捕→https://goo.gl/L9eVGb:=:https://news.tvbs.com.tw/pack/packdetail/310 江湖在走，【 TVBS 新聞 官方Line】要有→https://goo.gl/QDzHny:=:https://line.me/R/ti/p/%40tvbsnews 【她大讚孫案律師出高招 想拜狄鶯當乾媽】,https://news.tvbs.com.tw/world/908862,,她大讚孫案律師出高招　想拜狄鶯當乾媽│TVBS新聞網,狄鶯與孫鵬之子孫安佐因涉嫌美國校園安全事件遭到逮捕，預審庭昨(25日)召開，最後在律師建議下，孫安佐決定放棄抗辯，爭取認罪協商可望換取自由，對此在美執業的律師邱彰表示，相當佩服辯護律師出此招，讓孫安佐有望.....,,,2321.0
TVBS 新聞,2032905,2018-04-27 21:10:00 SGT,Link,757,298,135,6,32,107,10,899,0,,0,0,0,https://www.facebook.com/tvbsfb/posts/10155353400715933,延燒時久的「卡管案」，做出結論了... 江湖在走，【 TVBS 新聞 官方Line】要有→https://goo.gl/QDzHny:=:https://line.me/R/ti/p/%40tvbsnews 【確定「拔管」！教部要台大重新遴選：管中閔不得再參加】,https://news.tvbs.com.tw/politics/909874,,卡3個月確定「拔管」！教部駁回台大校長聘任案│TVBS新聞網,,,,2244.0
TVBS 新聞,2032905,2018-04-27 12:45:00 SGT,Link,1449,23,135,3,491,1,99,1,0,,0,0,0,https://www.facebook.com/tvbsfb/posts/10155352765740933,沒想過這東西會這麼嚴重....😱😱😱 江湖在走，【 TVBS 新聞 官方Line】要有→https://goo.gl/QDzHny:=:https://line.me/R/ti/p/%40tvbsnews 【女童手臂長「粉色肉環」　開刀取出竟然是…】,https://news.tvbs.com.tw/world/909469,,女童手臂長「粉色肉環」　開刀取出竟然是…│TVBS新聞網,,,,2202.0
TVBS 新聞,2032825,2018-04-26 15:45:00 SGT,Link,1243,35,137,1,263,14,498,4,0,,0,0,0,https://www.facebook.com/tvbsfb/posts/10155350756720933,人生無常啊 R.I.P. 江湖在走，【 TVBS 新聞 官方Line】要有→https://goo.gl/QDzHny:=:https://line.me/R/ti/p/%40tvbsnews 【30年房貸他拚18年繳完　友人嘆：不到2年就過世了】,https://news.tvbs.com.tw/life/908932,,30年房貸他拚18年繳完　友人嘆：不到2年就過世了│TVBS新聞網,,,,2195.0
TVBS 新聞,2032905,2018-04-27 13:16:40 SGT,Link,1777,9,275,8,69,1,0,1,0,,0,0,0,https://www.facebook.com/tvbsfb/posts/10155352818700933,還以為多喝水有益健康，喝錯時間一樣慘阿！ 快加【TVBS 新聞Line】精選話題報你知→https://goo.gl/QDzHny:=:https://line.me/R/ti/p/%40tvbsnews 【水喝太多也不對？　專家：6個時間喝水傷身】 https://news.tvbs.com.tw/health/909498,https://news.tvbs.com.tw/health/909498,,水喝太多也不對？　專家：6個時間喝水傷身│TVBS新聞網,,,,2140.0
TVBS 新聞,2032905,2018-04-27 15:00:02 SGT,Native Video,1921,11,40,121,20,1,4,2,0,original,74971,75522,0,https://www.facebook.com/tvbsfb/posts/1739445492810727,為他們捏一把冷汗，希望老爺爺沒事，也謝謝警察先生 快加【TVBS 新聞Line】精選話題報你知→https://goo.gl/QDzHny:=:https://line.me/R/ti/p/%40tvbsnews 【對警車狂按喇叭！男急救父　警充當前導車】 https://news.tvbs.com.tw/local/909535,https://www.facebook.com/tvbsfb/videos/1739445492810727/,,對警車狂按喇叭！男急救父　警充當前導車,,,,2120.0
TVBS 新聞,2032825,2018-04-26 12:00:01 SGT,Link,2021,4,5,64,2,12,0,0,0,,0,0,0,https://www.facebook.com/tvbsfb/posts/10155350497970933,姊妹情深，好想當咘咘妹妹喔XD😍 咘咘Bo妞 咘咘（修允菲） 賈靜雯AlyssaChia 修杰楷 江湖在走，【 TVBS 新聞 官方Line】要有→https://goo.gl/QDzHny:=:https://line.me/R/ti/p/%40tvbsnews 【咘咘寵妹無極限　Bo妞大哭立刻愛的抱抱「姊姊陪你」】,https://news.tvbs.com.tw/entertainment/908755?from=fbnews,,咘咘寵妹無極限　Bo妞大哭立刻愛的抱抱「姊姊陪你」│TVBS新聞網,,,,2108.0
TVBS 新聞,2032720,2018-04-26 00:30:00 SGT,Link,1197,88,47,1,315,5,78,359,0,,0,0,0,https://www.facebook.com/tvbsfb/posts/10155349264845933,一個塑膠袋而已....... 還是自備購物袋吧→https://goo.gl/QDzHny:=:https://line.me/R/ti/p/%40tvbsnews . 【就為一個塑膠袋！菜販推榮民害身亡　遭判4年6個月】 https://news.tvbs.com.tw/local/908253,https://news.tvbs.com.tw/local/908253,,就為一個塑膠袋！菜販推榮民害身亡　遭判4年6個月│TVBS新聞網,,,,2090.0
TVBS 新聞,2032825,2018-04-26 19:10:00 SGT,Link,1364,26,22,0,367,5,5,259,0,,0,0,0,https://www.facebook.com/tvbsfb/posts/10155351006840933,原來犯人就在警局裡...（抖） 江湖在走，【 TVBS 新聞 官方Line】要有→https://goo.gl/QDzHny:=:https://line.me/R/ti/p/%40tvbsnews 【美破世紀懸案！　藏匿42年殺人犯竟是警察】,https://news.tvbs.com.tw/world/909092,,美破世紀懸案！　藏匿42年殺人犯竟是警察│TVBS新聞網,,,,2048.0
TVBS 新聞,2032825,2018-04-26 11:50:00 SGT,Link,1609,119,48,4,45,196,3,8,0,,0,0,0,https://www.facebook.com/tvbsfb/posts/10155350490140933,大逆轉！現在責任比 8：2 啊 江湖在走，【 TVBS 新聞 官方Line】要有→https://goo.gl/QDzHny:=:https://line.me/R/ti/p/%40tvbsnews 【軍卡vs.海神！肇責逆轉　警：瑪莎拉蒂錯8成】,https://news.tvbs.com.tw/local/908748,,軍卡vs.海神！肇責逆轉　警：瑪莎拉蒂錯8成│TVBS新聞網,,,,2032.0
TVBS 新聞,2032825,2018-04-26 17:45:00 SGT,Link,1379,33,61,1,353,6,53,0,0,,0,0,0,https://www.facebook.com/tvbsfb/posts/10155350930540933,看到圖就頭皮發麻...........那隻手很清楚欸！ 快加【TVBS 新聞Line】精選話題報你知→https://goo.gl/QDzHny:=:https://line.me/R/ti/p/%40tvbsnews 【悚！男拍到「蒼白鬼手」合照　不久後就身亡】 https://news.tvbs.com.tw/world/909033,https://news.tvbs.com.tw/world/909033,,悚！男拍到「蒼白鬼手」合照　不久後就身亡│TVBS新聞網,,,,1886.0
TVBS 新聞,2032905,2018-04-27 23:00:01 SGT,Link,1420,14,54,7,209,174,0,2,0,,0,0,0,https://www.facebook.com/tvbsfb/posts/10155353459955933,處處有商機啊～小編長見識了🤪🤪🤪 江湖在走，【 TVBS 新聞 官方Line】要有→https://goo.gl/QDzHny:=:https://line.me/R/ti/p/%40tvbsnews 【攀岩餓了渴了不用怕　山壁上便利商店應有盡有】,https://news.tvbs.com.tw/world/909698,,攀岩餓了渴了不用怕　山壁上便利商店應有盡有│TVBS新聞網,,,,1880.0
TVBS 新聞,2032825,2018-04-27 01:20:00 SGT,Native Video,1214,167,125,11,97,139,4,25,0,original,152609,156723,0,https://www.facebook.com/tvbsfb/posts/10160349439420137,阿姨，人家警察叔叔也是好心幫妳耶(;′Д`)ノ 這樣防詐騙→https://goo.gl/QDzHny:=:https://line.me/R/ti/p/%40tvbsnews . 【婦人堅領150萬給詐騙　遭警阻止怒撕領款單】 https://news.tvbs.com.tw/local/905551,https://www.facebook.com/tvbsfb/videos/10160349439420137/,,婦人堅領150萬給詐騙　遭警阻止怒撕領款單,,,,1782.0
TVBS 新聞,2032905,2018-04-27 09:15:00 SGT,Link,1460,19,24,2,138,98,5,14,0,,0,0,0,https://www.facebook.com/tvbsfb/posts/10155352012080933,這行程排的不太好我覺得...... 這樣發現出軌→https://goo.gl/QDzHny:=:https://line.me/R/ti/p/%40tvbsnews . 【床戰吃海鮮粥！妻偷吃工程師　23篇性愛日記曝姦情】 https://news.tvbs.com.tw/local/909292,https://news.tvbs.com.tw/local/909292,,床戰吃海鮮粥！妻偷吃工程師　23篇性愛日記曝姦情│TVBS新聞網,,,,1760.0
TVBS 新聞,2032905,2018-04-27 18:30:00 SGT,Link,1400,36,49,1,115,56,14,8,0,,0,0,0,https://www.facebook.com/tvbsfb/posts/10155353114795933,給吸毒的美眉，小心變乾屍阿...................... #美女變醜女 快加【TVBS新聞Line】精選話題報你知→https://goo.gl/QDzHny:=:https://line.me/R/ti/p/%40tvbsnews 【美女吸毒10年變大嬸　甜美外型全崩壞】 https://news.tvbs.com.tw/local/909601,https://news.tvbs.com.tw/local/909601,,美女吸毒10年變大嬸　甜美外型全崩壞│TVBS新聞網,,,,1679.0
TVBS 新聞,2032905,2018-04-27 18:15:00 SGT,Link,1501,7,41,2,105,13,2,1,0,,0,0,0,https://www.facebook.com/tvbsfb/posts/10155353112425933,事隔73年，消失的親人恐怕......... 快加【TVBS 新聞Line】精選話題報你知→https://goo.gl/QDzHny:=:https://line.me/R/ti/p/%40tvbsnews 【希特勒「逃跑的潛艇」找到了！73年死亡陰謀論破解】 https://news.tvbs.com.tw/world/909634,https://news.tvbs.com.tw/world/909634,,希特勒「逃跑的潛艇」找到了！73年死亡陰謀論破解│TVBS新聞網,,,,1672.0
TVBS 新聞,2032905,2018-04-27 16:50:00 SGT,Link,1438,30,3,1,38,131,0,0,0,,0,0,0,https://www.facebook.com/tvbsfb/posts/10155353045965933,凡事要小心阿～ 跨越38度－#文金會→https://goo.gl/7g1FPk:=:https://news.tvbs.com.tw/pack/packdetail/320 【不用南韓的　金正恩簽名「自備筆」還先消毒】 https://news.tvbs.com.tw/world/909593,https://news.tvbs.com.tw/world/909593,,不用南韓的　金正恩簽名「自備筆」還先消毒│TVBS新聞網,,,,1641.0
TVBS 新聞,2032905,2018-04-27 14:30:00 SGT,Native Video,987,41,169,5,358,5,55,6,0,original,109514,111780,0,https://www.facebook.com/tvbsfb/posts/1739435496145060,說真的.......每次喝完早餐店的奶茶，都會拉肚子 快加【TVBS新聞Line】精選話題報你知→https://goo.gl/QDzHny:=:https://line.me/R/ti/p/%40tvbsnews 【曾消費同攤豆奶店5人中毒　碩生暴斃】 https://news.tvbs.com.tw/local/909524,https://www.facebook.com/tvbsfb/videos/1739435496145060/,,曾消費同攤豆奶店5人中毒　碩生暴斃,,,,1626.0
TVBS 新聞,2032905,2018-04-27 12:20:00 SGT,Link,1578,12,6,9,5,2,0,10,0,,0,0,0,https://www.facebook.com/tvbsfb/posts/10155352742505933,看傻了眼！！！(絕對沒有羨慕.... 昆凌Hannah 周杰倫 Jay Chou 江湖在走，【 TVBS 新聞 官方Line】要有→https://goo.gl/QDzHny:=:https://line.me/R/ti/p/%40tvbsnews 【昆凌曬狗兒子照　意外曝光豪宅內部竟有「大草坪」】,https://news.tvbs.com.tw/entertainment/909456?from=fbnews,,昆凌曬狗兒子照　意外曝光豪宅內部竟有「大草坪」│TVBS新聞網,,,,1622.0
TVBS 新聞,2032905,2018-04-27 17:00:01 SGT,Link,825,23,574,0,136,4,11,0,0,,0,0,0,https://www.facebook.com/tvbsfb/posts/10155353050090933,看完這篇......立馬去解放一下 快加【TVBS 新聞Line】精選話題報你知→https://goo.gl/QDzHny:=:https://line.me/R/ti/p/%40tvbsnews 【憋尿真要命！　嚴重恐引發敗血症】 https://news.tvbs.com.tw/health/909621,https://news.tvbs.com.tw/health/909621,,憋尿真要命！　嚴重恐引發敗血症│TVBS新聞網,,,,1573.0
TVBS 新聞,2032905,2018-04-27 08:30:01 SGT,Link,1311,47,39,3,129,36,1,2,0,,0,0,0,https://www.facebook.com/tvbsfb/posts/10155352022455933,沒事不要亂跑啦！ 追蹤更多後續報導→https://goo.gl/QDzHny:=:https://line.me/R/ti/p/%40tvbsnews . 【杏林醫院廢棄25年靈異頻傳　試膽者驚呼：鐵門自動關】 https://news.tvbs.com.tw/life/909319,https://news.tvbs.com.tw/life/909319,,杏林醫院廢棄25年靈異頻傳　試膽者驚呼：鐵門自動關│TVBS新聞網,,,,1568.0
TVBS 新聞,2032825,2018-04-26 10:00:01 SGT,Link,880,174,21,6,33,27,151,217,0,,0,0,0,https://www.facebook.com/tvbsfb/posts/10155350304200933,抗議變成衝突..... 江湖在走，【 TVBS 新聞 官方Line】要有→https://goo.gl/QDzHny:=:https://line.me/R/ti/p/%40tvbsnews 【反年改團體抗議脫序　警察情緒崩潰留下男兒淚】,https://news.tvbs.com.tw/politics/908704,,反年改團體抗議脫序　警察情緒崩潰留下男兒淚│TVBS新聞網,反年改團體發起「警消不服從」的陳情遊行活動，立法院昨(25日)下午聚集許多反年改的民眾，發動拆除立院周遭數處拒馬，場面失控混亂，更與警察們發生激烈推擠衝突，連在場採訪的記者都受到波及，自由攝影師張良一在現.....,,,1509.0
TVBS 新聞,2032720,2018-04-26 06:10:00 SGT,Native Video,1070,78,232,8,74,36,8,2,0,original,102065,106922,0,https://www.facebook.com/tvbsfb/posts/10160345952985137,連高中生都會這樣選擇了，那那些厲害的人才呢？ #人才去哪兒→https://goo.gl/QDzHny:=:https://line.me/R/ti/p/%40tvbsnews . 【直擊惠台31項　讓她捨台大拚陸交大、復旦】 https://news.tvbs.com.tw/life/901264,https://www.facebook.com/tvbsfb/videos/10160345952985137/,,直擊惠台31項　讓她捨台大拚陸交大、復旦,,,,1508.0
TVBS 新聞,2032825,2018-04-27 06:10:00 SGT,Native Video,1325,12,26,85,7,0,0,0,0,original,69074,70741,0,https://www.facebook.com/tvbsfb/posts/10160349835555137,真是太謝謝大家幫忙了！！能找到真好呢！！ 更多 #暖新聞→https://goo.gl/QDzHny:=:https://line.me/R/ti/p/%40tvbsnews . 【公告協尋！　客運總動員唐寶寶半天尋獲】 https://news.tvbs.com.tw/life/908854,https://www.facebook.com/tvbsfb/videos/10160349835555137/,,公告協尋！　客運總動員唐寶寶半天尋獲,,,,1455.0
TVBS 新聞,2032720,2018-04-26 06:40:00 SGT,Link,1152,35,61,3,64,9,83,26,0,,0,0,0,https://www.facebook.com/tvbsfb/posts/10155349797715933,#自己的垃圾自己撿 很難嗎？😠😠😠😠 #公德心 呢？→https://goo.gl/QDzHny:=:https://line.me/R/ti/p/%40tvbsnews . 【最美「豐源小學」不開放了！　多處美校也遇髒問題】 https://news.tvbs.com.tw/life/908438,https://news.tvbs.com.tw/life/908438,,最美「豐源小學」不開放了！　多處美校也遇髒問題│TVBS新聞網,,,,1433.0
TVBS 新聞,2032825,2018-04-26 19:40:00 SGT,Link,930,17,450,2,24,1,4,3,0,,0,0,0,https://www.facebook.com/tvbsfb/posts/10155350968275933,照過來～照過來～報稅的時間又要到惹！ 江湖在走，【 TVBS 新聞 官方Line】要有→https://goo.gl/QDzHny:=:https://line.me/R/ti/p/%40tvbsnews 【報稅前看過來　這些保費可列舉扣除】,https://news.tvbs.com.tw/politics/909037,,報稅前看過來　這些保費可列舉扣除│TVBS新聞網,,,,1431.0
TVBS 新聞,2032905,2018-04-27 12:30:00 SGT,Link,1112,17,21,0,167,84,2,1,0,,0,0,0,https://www.facebook.com/tvbsfb/posts/10155352759280933,嚇歪了....好險沒吃下去（喂～ 江湖在走，【 TVBS 新聞 官方Line】要有→https://goo.gl/QDzHny:=:https://line.me/R/ti/p/%40tvbsnews 【她遛狗以為挖到「馬鈴薯」　回家一查嚇得奪門而出】,https://news.tvbs.com.tw/world/909457,,她遛狗以為挖到「馬鈴薯」　回家一查嚇得奪門而出│TVBS新聞網,,,,1404.0
TVBS 新聞,2032905,2018-04-27 19:00:02 SGT,Native Video,1312,1,42,5,30,1,1,0,0,original,27133,27308,0,https://www.facebook.com/tvbsfb/posts/1791186484275931,【0427 #晚間氣象】明天出門包包別忘了帶把傘歐 →【週六東北風稍熱　早晚舒適短暫雨】 https://news.tvbs.com.tw/meteorological/909728 按個讚，防止您錯過氣象資訊→ TVBS 新聞 #天氣 #氣象 #任立渝 #任先生說氣象,https://www.facebook.com/tvbsfb/videos/1791186484275931/,,週六東北風稍熱　早晚舒適短暫雨,,,,1392.0
TVBS 新聞,2032825,2018-04-26 09:00:01 SGT,Native Video,784,262,54,5,77,111,10,32,0,original,151401,152959,0,https://www.facebook.com/tvbsfb/posts/10160346221210137,安佐到底是太開朗還是怎樣...... 狄鶯兒在美被捕→https://goo.gl/L9eVGb:=:https://news.tvbs.com.tw/pack/packdetail/310 . 【預審庭後返監獄　孫安佐：感謝支持我的人】 https://news.tvbs.com.tw/world/908628 . 狄鶯,https://www.facebook.com/tvbsfb/videos/10160346221210137/,,預審庭後返監獄　孫安佐：感謝支持我的人,,,,1335.0
TVBS 新聞,2032905,2018-04-27 14:45:00 SGT,Link,599,28,26,4,203,2,110,352,0,,0,0,0,https://www.facebook.com/tvbsfb/posts/10155352924230933,😱😱😱😱😱😱獸性大發阿!!!!!!貓咪是她的心頭肉欸 快加【TVBS 新聞Line】精選話題報你知→https://goo.gl/QDzHny:=:https://line.me/R/ti/p/%40tvbsnews 【兇狠比特犬闖屋　女飼主哭喊「牠在啃我的貓咪」】 https://news.tvbs.com.tw/world/909577,https://news.tvbs.com.tw/world/909577,,兇狠比特犬闖屋　女飼主哭喊「牠在啃我的貓咪」│TVBS新聞網,,,,1324.0
TVBS 新聞,2032825,2018-04-27 06:50:00 SGT,Native Video,1039,53,124,24,4,39,0,0,0,original,89016,93634,0,https://www.facebook.com/tvbsfb/posts/10160349877010137,以前還要把喜歡的人的名字寫在摺星星的紙條裡😳😳😳 那些年一起著迷的小玩意→https://goo.gl/QDzHny:=:https://line.me/R/ti/p/%40tvbsnews . 【紙星星回憶！風靡6至8年級生　摺999顆許願】 https://news.tvbs.com.tw/life/909163,https://www.facebook.com/tvbsfb/videos/10160349877010137/,,紙星星回憶！風靡6至8年級生　摺999顆許願,,,,1283.0
TVBS 新聞,2032825,2018-04-26 12:30:00 SGT,Link,505,229,78,3,72,28,9,352,0,,0,0,0,https://www.facebook.com/tvbsfb/posts/10155350538640933,行為太脫序了吧 江湖在走，【 TVBS 新聞 官方Line】要有→https://goo.gl/QDzHny:=:https://line.me/R/ti/p/%40tvbsnews 【太失控！警遭拖出封鎖線　八百壯士高喊「打死他」】,https://news.tvbs.com.tw/local/908749,,太失控！警遭拖出封鎖線　八百壯士高喊「打死他」│TVBS新聞網,,,,1276.0
TVBS 新聞,2032825,2018-04-26 17:30:01 SGT,Link,712,51,54,0,252,184,3,0,0,,0,0,0,https://www.facebook.com/tvbsfb/posts/10155350915535933,原來不是愛慕者偷的........誤會一場 快加【TVBS 新聞Line】精選話題報你知→https://goo.gl/QDzHny:=:https://line.me/R/ti/p/%40tvbsnews 【真的會吃！她拆洗衣機　見大量「失蹤物品」驚呆】 https://news.tvbs.com.tw/world/909013,https://news.tvbs.com.tw/world/909013,,真的會吃！她拆洗衣機　見大量「失蹤物品」驚呆│TVBS新聞網,,,,1256.0
TVBS 新聞,2032905,2018-04-27 16:00:01 SGT,Link,857,10,11,1,198,3,120,0,0,,0,0,0,https://www.facebook.com/tvbsfb/posts/10155353011900933,#內有影片 #慎入 #絕命終結站 更多 #國際新聞→https://goo.gl/QDzHny:=:https://line.me/R/ti/p/%40tvbsnews . 【命該絕？他倖存求救…卻遭救援機螺旋槳「砍死」】 https://news.tvbs.com.tw/world/909290,https://news.tvbs.com.tw/world/909290,,命該絕？他倖存求救…卻遭救援機螺旋槳「砍死」│TVBS新聞網,,,,1200.0
TVBS 新聞,2032825,2018-04-26 19:00:02 SGT,Native Video,1134,0,40,4,14,0,1,0,0,original,28166,28354,0,https://www.facebook.com/tvbsfb/posts/1790138151047431,【0426 #晚間氣象】週末快跟小編一起來擁抱太陽公公吧～（甩髮） →【週五六白天暖到熱　早晚稍涼到舒適】 https://news.tvbs.com.tw/meteorological/909090 按個讚，防止您錯過氣象資訊→ TVBS 新聞 #天氣 #氣象 #任立渝 #任先生說氣象,https://www.facebook.com/tvbsfb/videos/1790138151047431/,,週五六白天暖到熱　早晚稍涼到舒適,,,,1193.0
TVBS 新聞,2032905,2018-04-27 23:30:00 SGT,Native Video,413,73,141,2,119,12,7,407,0,original,82353,84671,0,https://www.facebook.com/tvbsfb/posts/1791388280922418,大創在你們心中的形象大打折扣了嗎？ 江湖在走，【 TVBS 新聞 官方Line】要有→https://goo.gl/QDzHny:=:https://line.me/R/ti/p/%40tvbsnews 【遭爆改進口許可日期！　大創道歉不認「竄改」】,https://www.facebook.com/tvbsfb/videos/1791388280922418/,,遭爆改進口許可日期！　大創道歉不認「竄改」,,,,1174.0
TVBS 新聞,2032825,2018-04-27 06:20:00 SGT,Native Video,890,32,138,8,71,26,7,2,0,original,102347,107602,0,https://www.facebook.com/tvbsfb/posts/10160349997380137,龍年人多競爭真的很辛苦欸！連學測都更難考~還是不要執著龍年對小孩比較快樂吧！ #調查看真相→https://goo.gl/QDzHny:=:https://line.me/R/ti/p/%40tvbsnews . 【龍年新生創10年新高　擠名校爆卡位戰】 https://news.tvbs.com.tw/life/907711,https://www.facebook.com/tvbsfb/videos/10160349997380137/,,龍年新生創10年新高　擠名校爆卡位戰,,,,1174.0
TVBS 新聞,2032905,2018-04-27 20:30:01 SGT,Native Video,581,114,93,3,42,70,2,259,0,original,106945,111375,0,https://www.facebook.com/tvbsfb/posts/1791242397603673,逼逼~快把那髒東西拿開！！！ 江湖在走，【 TVBS 新聞 官方Line】要有→https://goo.gl/QDzHny:=:https://line.me/R/ti/p/%40tvbsnews 【小姐！騎車遭尾隨搭訕　男露下體猥褻】,https://www.facebook.com/tvbsfb/videos/1791242397603673/,,小姐！騎車遭尾隨搭訕　男露下體猥褻,,,,1164.0
TVBS 新聞,2032825,2018-04-26 08:40:00 SGT,Link,839,19,4,1,32,238,1,2,0,,0,0,0,https://www.facebook.com/tvbsfb/posts/10155349854245933,沒想到竟然有這種嗜好😳😳😳😳 　 TVBS新聞APP→https://goo.gl/ukMRq6:=:http://vip.tvbs.com.tw/appshare/fbappinstall.html?utm_source=FB&utm_medium=calltoaction&utm_campaign=saurman 【男星飯店爽看成人頻道！退房帳單金額好驚人】 https://news.tvbs.com.tw/entertainment/906577?from_fbnews,https://news.tvbs.com.tw/entertainment/906577?from_fbnews,,男星飯店爽看成人頻道！退房帳單金額好驚人│TVBS新聞網,,,,1136.0
TVBS 新聞,2032905,2018-04-27 13:00:53 SGT,Link,1005,1,3,31,7,84,0,0,0,,0,0,0,https://www.facebook.com/tvbsfb/posts/10155352748450933,阿斯～～～～原來這樣就可以釣出本尊 江湖在走，【 TVBS 新聞 官方Line】要有→https://goo.gl/QDzHny:=:https://line.me/R/ti/p/%40tvbsnews 【巧遇「天菜級男模」！粉絲偷拍　本尊神回覆】,https://news.tvbs.com.tw/world/909421,,巧遇「天菜級男模」！粉絲偷拍　本尊神回覆│TVBS新聞網,,,,1131.0
TVBS 新聞,2032905,2018-04-27 22:20:00 SGT,Link,995,13,7,4,38,56,0,7,0,,0,0,0,https://www.facebook.com/tvbsfb/posts/10155353498305933,正宮、小三正面交鋒了...（驚） 江湖在走，【 TVBS 新聞 官方Line】要有→https://goo.gl/QDzHny:=:https://line.me/R/ti/p/%40tvbsnews 【倪安東前妻變臉現身北檢　小三管罄賠錢換撤告】,https://news.tvbs.com.tw/local/909858,,倪安東前妻變臉現身北檢　小三管罄賠錢換撤告│TVBS新聞網,,,,1120.0
TVBS 新聞,2032825,2018-04-26 16:50:00 SGT,Link,986,6,11,66,44,2,1,0,0,,0,0,0,https://www.facebook.com/tvbsfb/posts/10155350859525933,一個人的生命，真的這麼珍貴～#貨車司機好有愛 快加【TVBS 新聞Line】精選話題報你知→https://goo.gl/QDzHny:=:https://line.me/R/ti/p/%40tvbsnews 【怕他跳下來！男欲跳橋輕生　貨車司機排車牆阻止】 https://news.tvbs.com.tw/world/908981,https://news.tvbs.com.tw/world/908981,,怕他跳下來！男欲跳橋輕生　貨車司機排車牆阻止│TVBS新聞網,,,,1116.0
TVBS 新聞,2032905,2018-04-27 08:09:43 SGT,Live Video Complete,672,179,144,53,34,13,1,2,0,original,33810,57186,0,https://www.facebook.com/tvbsfb/posts/10155352352960933,【文金會LIVE】 全球矚目的文金會將登場，8點半金正恩就會跨越38度線，成為第一位踏上南韓領土的北韓領導人，今日兩人還會一起種下和平希望樹，也成為今日國際的重要焦點。 #TVBS新聞｜#TVBSSNG｜#TVBS直播 更多訊息點這→https://goo.gl/QDzHny:=:https://line.me/R/ti/p/%40tvbsnews,https://www.facebook.com/tvbsfb/videos/10155352352960933/,,【文金會LIVE】,,,,1098.0
TVBS 新聞,2032905,2018-04-27 20:10:00 SGT,Link,825,21,16,29,6,1,198,0,0,,0,0,0,https://www.facebook.com/tvbsfb/posts/10155353170370933,而葉家豪的妻子也呼籲政府與業者能夠負起責任，讓這樣的悲劇不要再次發生。 江湖在走，【 TVBS 新聞 官方Line】要有→https://goo.gl/QDzHny:=:https://line.me/R/ti/p/%40tvbsnews 【從咒罵到選擇原諒！殉職警妻淚訴「很想跟他一起去」】,https://news.tvbs.com.tw/local/909681,,從咒罵到選擇原諒！殉職警妻淚訴「很想跟他一起去」│TVBS新聞網,,,,1096.0
TVBS 新聞,2032825,2018-04-26 14:15:00 SGT,Native Video,848,84,102,8,39,5,0,0,0,original,63543,69375,0,https://www.facebook.com/tvbsfb/posts/10156295395044246,再配上一碗味增湯，完美（流口水... 江湖在走，【 TVBS 新聞 官方Line】要有→https://goo.gl/QDzHny:=:https://line.me/R/ti/p/%40tvbsnews 【嘉義人就愛這味！　美乃滋涼麵「甜鹹感」】 https://news.tvbs.com.tw/life/908887,https://www.facebook.com/tvbsfb/videos/10156295395044246/,,嘉義人就愛這味！　美乃滋涼麵「甜鹹感」,,,,1086.0
TVBS 新聞,2032825,2018-04-26 18:30:00 SGT,Link,996,7,11,30,31,2,0,0,0,,0,0,0,https://www.facebook.com/tvbsfb/posts/10155350889185933,不變應萬變，說不定默默做了什麼大事～ 快加【TVBS 新聞Line】精選話題報你知→https://goo.gl/QDzHny:=:https://line.me/R/ti/p/%40tvbsnews 【夫妻抱走頭獎156億！1年後竟照樣「省吃儉用」住舊房】 https://news.tvbs.com.tw/world/908994,https://news.tvbs.com.tw/world/908994,,夫妻抱走頭獎156億！1年後竟照樣「省吃儉用」住舊房│TVBS新聞網,,,,1077.0
TVBS 新聞,2032905,2018-04-27 13:45:00 SGT,Link,983,16,6,2,9,55,0,1,0,,0,0,0,https://www.facebook.com/tvbsfb/posts/10155352850390933,冷麵是南北韓最好的催化劑阿！ 快加【TVBS 新聞Line】精選話題報你知→https://goo.gl/QDzHny:=:https://line.me/R/ti/p/%40tvbsnews 【兩韓會談開始　金正恩幽默：我帶冷麵來了】 https://news.tvbs.com.tw/world/909499,https://news.tvbs.com.tw/world/909499,,兩韓會談開始　金正恩幽默：我帶冷麵來了│TVBS新聞網,,,,1072.0
TVBS 新聞,2032825,2018-04-26 10:45:00 SGT,Link,756,128,13,2,60,77,4,29,0,,0,0,0,https://www.facebook.com/tvbsfb/posts/10155350408480933,首度露面看起來一派輕鬆 狄鶯 孫鵬 狄鶯兒在美被捕→https://goo.gl/L9eVGb:=:https://news.tvbs.com.tw/pack/packdetail/310 江湖在走，【 TVBS 新聞 官方Line】要有→https://goo.gl/QDzHny:=:https://line.me/R/ti/p/%40tvbsnews 【孫安佐「雙手比YA」只想看漫畫　心理醫師點出這原因】,https://news.tvbs.com.tw/world/908720,,孫安佐「雙手比YA」只想看漫畫　心理醫師點出這原因│TVBS新聞網,,,,1069.0
TVBS 新聞,2032905,2018-04-27 21:00:01 SGT,Native Video,745,10,63,1,206,1,30,7,0,original,76371,77218,0,https://www.facebook.com/tvbsfb/posts/1791291924265387,太恐怖了吧，加油站員工都嚇傻了... 江湖在走，【 TVBS 新聞 官方Line】要有→https://goo.gl/QDzHny:=:https://line.me/R/ti/p/%40tvbsnews 【碰！廢車回收場火災傳爆炸聲　鄰加油站】,https://www.facebook.com/tvbsfb/videos/1791291924265387/,,碰！廢車回收場火災傳爆炸聲　鄰加油站,,,,1063.0
TVBS 新聞,2032825,2018-04-26 14:45:00 SGT,Link,736,102,103,4,10,32,16,55,0,,0,0,0,https://www.facebook.com/tvbsfb/posts/10155350742775933,八百壯士連兩天的抗議，目前暫時就地解散，擇期再辦 江湖在走，【 TVBS 新聞 官方Line】要有→https://goo.gl/QDzHny:=:https://line.me/R/ti/p/%40tvbsnews 【警政署長心疼退休警　若年改更好「不會走上街頭」】,https://news.tvbs.com.tw/local/908934,,警政署長心疼退休警　若年改更好「不會走上街頭」│TVBS新聞網,,,,1058.0
TVBS 新聞,2032720,2018-04-26 00:10:53 SGT,Link,371,151,33,3,32,20,8,419,0,,0,0,0,https://www.facebook.com/tvbsfb/posts/10155349352710933,連醫生都怒了！！ #反年改 懶人包→https://goo.gl/qHhqbE:=:https://news.tvbs.com.tw/pack/packdetail/295 . 【反年改占兒童醫院　搶紙做標語、大吼還比YA打卡】 https://news.tvbs.com.tw/local/908629,https://news.tvbs.com.tw/local/908629,,反年改占兒童醫院　搶紙做標語、大吼還比YA打卡│TVBS新聞網,,,,1037.0
TVBS 新聞,2032825,2018-04-26 15:41:54 SGT,Link,655,154,67,7,44,75,1,31,0,,0,0,0,https://www.facebook.com/tvbsfb/posts/10155350862710933,#最新消息 要幹嘛要幹嘛？是想逼我們幹嘛？ 快加【TVBS新聞Line】精選話題報你知→https://goo.gl/QDzHny:=:https://line.me/R/ti/p/%40tvbsnews 【共機今再繞台　陸媒強調多機型、成體系】 https://news.tvbs.com.tw/politics/908990,https://news.tvbs.com.tw/politics/908990,,共機今再繞台　陸媒強調多機型、成體系│TVBS新聞網,,,,1034.0
TVBS 新聞,2032825,2018-04-27 00:00:02 SGT,Link,812,38,7,3,38,67,3,57,0,,0,0,0,https://www.facebook.com/tvbsfb/posts/10155351468325933,........這位少年，你怎麼會有這種想拍照的想法呢？ #很多地方是不能隨便亂拍的→https://goo.gl/QDzHny:=:https://line.me/R/ti/p/%40tvbsnews . 【現役軍人好奇拍「私娼寮」　遭圍毆持刀砍傷】 https://news.tvbs.com.tw/local/908899,https://news.tvbs.com.tw/local/908899,,現役軍人好奇拍「私娼寮」　遭群毆持刀砍傷│TVBS新聞網,,,,1025.0
TVBS 新聞,2032905,2018-04-27 10:45:00 SGT,Link,697,108,26,3,14,63,14,90,0,,0,0,0,https://www.facebook.com/tvbsfb/posts/10155352541855933,拜託大家請冷靜！！！！！ 江湖在走，【 TVBS 新聞 官方Line】要有→https://goo.gl/QDzHny:=:https://line.me/R/ti/p/%40tvbsnews 【斬首學弟！警抓2名八百壯士　學長嗆：我們是在幫你賣命】,https://news.tvbs.com.tw/politics/909358,,斬首學弟！警抓2名八百壯士　學長嗆：我們是在幫你賣命│TVBS新聞網,,,,1015.0
TVBS 新聞,2032720,2018-04-26 05:40:00 SGT,Native Video,222,260,94,3,18,89,6,317,0,original,34431,37713,0,https://www.facebook.com/tvbsfb/posts/10160345988225137,哇~都還沒確定要不要蓋，就先這樣講囉？！ 追蹤更多後續報導→https://goo.gl/QDzHny:=:https://line.me/R/ti/p/%40tvbsnews . 【蓋定？　經長提環評：深澳將成世界一流電廠】 https://news.tvbs.com.tw/politics/907075,https://www.facebook.com/tvbsfb/videos/10160345988225137/,,蓋定？　經長提環評：深澳將成世界一流電廠,,,,1009.0
TVBS 新聞,2032825,2018-04-27 06:30:00 SGT,Link,861,3,17,118,5,0,4,0,0,,0,0,0,https://www.facebook.com/tvbsfb/posts/10155350837590933,不是自己的孩子，卻無私的奉獻 快加【TVBS 新聞Line】精選話題報你知→https://goo.gl/QDzHny:=:https://line.me/R/ti/p/%40tvbsnews 【愛心媽領養罕見疾病兒　仍感謝上天賜與她全家福氣】 https://news.tvbs.com.tw/life/908957,https://news.tvbs.com.tw/life/908957,,愛心媽領養罕見疾病兒　仍感謝上天賜與她全家福氣│TVBS新聞網,,,,1008.0
TVBS 新聞,2032905,2018-04-27 19:50:00 SGT,Link,573,190,17,2,21,65,6,128,0,,0,0,0,https://www.facebook.com/tvbsfb/posts/10155353173180933,安佐這俏皮的YA手勢，小編百思不解啊...🤔🤔🤔 江湖在走，【 TVBS 新聞 官方Line】要有→https://goo.gl/QDzHny:=:https://line.me/R/ti/p/%40tvbsnews 【燦笑反比YA！孫安佐颯爽「2指敬禮」　他揭密：是挑釁】,https://news.tvbs.com.tw/world/909688,,燦笑反比YA！孫安佐颯爽「2指敬禮」　他揭密：是挑釁│TVBS新聞網,,,,1002.0
TVBS 新聞,2032825,2018-04-27 00:10:00 SGT,Link,775,9,21,4,68,3,92,9,0,,0,0,0,https://www.facebook.com/tvbsfb/posts/10155351484740933,冤獄就算最後獲得清白，往往也20~30年就這麼過去了.....😢😢😢 追蹤更多後續報導→https://goo.gl/QDzHny:=:https://line.me/R/ti/p/%40tvbsnews . 【后豐冤獄再審開庭　被告母親：1句證詞毀了3個家】 https://news.tvbs.com.tw/local/909188,https://news.tvbs.com.tw/local/909188,,后豐冤獄再審開庭　被告母親：1句證詞毀了3個家│TVBS新聞網,,,,981.0
TVBS 新聞,2032720,2018-04-26 06:20:00 SGT,Link,831,16,44,39,2,1,0,0,0,,0,0,0,https://www.facebook.com/tvbsfb/posts/10155349762405933,謝謝你😘😘😘 更多 #暖新聞→https://goo.gl/QDzHny:=:https://line.me/R/ti/p/%40tvbsnews . 【偏鄉員警好有愛　載菜給老人送鞋給孩子】 https://news.tvbs.com.tw/life/908407,https://news.tvbs.com.tw/life/908407,,偏鄉員警好有愛　載菜給老人送鞋給孩子│TVBS新聞網,,,,933.0
TVBS 新聞,2032905,2018-04-27 12:00:02 SGT,Link,915,1,1,11,0,1,0,0,0,,0,0,0,https://www.facebook.com/tvbsfb/posts/10155352601940933,這背也太美了😍 陶嫚曼Mandy 江湖在走，【 TVBS 新聞 官方Line】要有→https://goo.gl/QDzHny:=:https://line.me/R/ti/p/%40tvbsnews 【美翻！陶嫚曼曬婚紗照　裸背倚老公懷中超甜蜜】,https://news.tvbs.com.tw/entertainment/909406?from=fbnews,,美翻！陶嫚曼曬婚紗照　裸背倚老公懷中超甜蜜│TVBS新聞網,,,,929.0
TVBS 新聞,2032825,2018-04-26 21:50:46 SGT,Native Video,615,2,25,7,170,2,88,1,0,original,93654,94086,0,https://www.facebook.com/tvbsfb/posts/1790291227698790,祈禱房客能夠度過難關... 江湖在走，【 TVBS 新聞 官方Line】要有→https://goo.gl/QDzHny:=:https://line.me/R/ti/p/%40tvbsnews 【家都飛了！租屋氣爆炸飛屋頂　房客命危】,https://www.facebook.com/tvbsfb/videos/1790291227698790/,,家都飛了！租屋氣爆炸飛屋頂　房客命危,,,,910.0
TVBS 新聞,2032825,2018-04-26 20:50:00 SGT,Link,834,21,5,9,6,27,1,1,0,,0,0,0,https://www.facebook.com/tvbsfb/posts/10155350980595933,小編期待🐟翔拳2.0版歐XDDDD 余祥銓Ken 吳宗憲 Jacky Wu 更多 #娛樂新聞→https://goo.gl/QDzHny:=:https://line.me/R/ti/p/%40tvbsnews 【我變了…余祥銓找回表演自信　全都感謝「他」】,https://news.tvbs.com.tw/entertainment/909085?from=fbnews,,我變了…余祥銓找回表演自信　全都感謝「他」│TVBS新聞網,,,,904.0
TVBS 新聞,2032905,2018-04-27 18:00:01 SGT,Link,616,105,7,2,64,12,8,50,0,,0,0,0,https://www.facebook.com/tvbsfb/posts/10155353104165933,(長嘆...)母親的遺願與愛我的女友，應該怎麼選？ 江湖在走，【TVBS新聞 官方Line】要有→https://goo.gl/QDzHny:=:https://line.me/R/ti/p/%40tvbsnews 【承諾癌母遺願「分手3年女友」　兒後悔求助：她很愛我】 https://news.tvbs.com.tw/life/909259,https://news.tvbs.com.tw/life/909259,,承諾癌母遺願「分手3年女友」　兒後悔求助：她很愛我│TVBS新聞網,,,,864.0
TVBS 新聞,2032905,2018-04-27 20:50:00 SGT,Link,626,62,9,1,19,135,1,9,0,,0,0,0,https://www.facebook.com/tvbsfb/posts/10155353368905933,台灣阿童─童仲彥沒有極限啊啊啊啊～ 江湖在走，【 TVBS 新聞 官方Line】要有→https://goo.gl/QDzHny:=:https://line.me/R/ti/p/%40tvbsnews 【軍人被砍！童仲彥闖私娼寮直播　MAN喊：被打靠童家拳】,https://news.tvbs.com.tw/politics/909843,,軍人被砍！童仲彥闖私娼寮直播　MAN喊：被打靠童家拳│TVBS新聞網,,,,862.0
TVBS 新聞,2032905,2018-04-27 21:30:00 SGT,Link,389,0,8,1,73,0,7,380,0,,0,0,0,https://www.facebook.com/tvbsfb/posts/10155353404955933,他們只是孩子啊～人生都被你毀掉了😡😡😡😡 江湖在走，【 TVBS 新聞 官方Line】要有→https://goo.gl/QDzHny:=:https://line.me/R/ti/p/%40tvbsnews 【綁3學生虐打！倒強酸溶屍　凶手是「12萬粉饒舌歌手】,https://news.tvbs.com.tw/world/909879,,綁3學生虐打！倒強酸溶屍　凶手是「12萬粉饒舌歌手」│TVBS新聞網,,,,858.0
TVBS 新聞,2032905,2018-04-27 16:10:00 SGT,Native Video,402,109,100,1,42,12,3,188,0,original,95896,97216,0,https://www.facebook.com/tvbsfb/posts/1739457632809513,這種人很多欸！跟乞丐沒兩樣 快加【TVBS 新聞Line】精選話題報你知→https://goo.gl/QDzHny:=:https://line.me/R/ti/p/%40tvbsnews 【借我80元！　沒錢買票回家北車站搭訕要錢】 https://news.tvbs.com.tw/local/909571,https://www.facebook.com/tvbsfb/videos/1739457632809513/,,借我80元！　沒錢買票回家北車站搭訕要錢,,,,857.0
TVBS 新聞,2032905,2018-04-27 23:50:00 SGT,Native Video,541,98,28,5,46,78,7,31,0,original,87962,90609,0,https://www.facebook.com/tvbsfb/posts/1791397254254854,議員～不～要～衝～動～啊～ 江湖在走，【 TVBS 新聞 官方Line】要有→https://goo.gl/QDzHny:=:https://line.me/R/ti/p/%40tvbsnews 【不要被牽著走！　議員朝市長怒砸保溫杯】,https://www.facebook.com/tvbsfb/videos/1791397254254854/,,不要被牽著走！　議員朝市長怒砸保溫杯,,,,834.0
TVBS 新聞,2032905,2018-04-27 16:30:01 SGT,Native Video,624,13,7,52,6,1,128,0,0,original,23067,23229,0,https://www.facebook.com/tvbsfb/posts/1739467846141825,😭😭😭😭😭又默默掉淚了，希望能快點走出傷痛 快加【TVBS 新聞Line】精選話題報你知→https://goo.gl/QDzHny:=:https://line.me/R/ti/p/%40tvbsnews 【過勞不是他願意！　國道殉職警女原諒司機】 https://news.tvbs.com.tw/local/909525,https://www.facebook.com/tvbsfb/videos/1739467846141825/,,過勞不是他願意！　國道殉職警女原諒司機,,,,831.0
TVBS 新聞,2032905,2018-04-27 09:45:00 SGT,Link,444,17,22,8,5,308,0,1,0,,0,0,0,https://www.facebook.com/tvbsfb/posts/10155351672735933,鏟屎官錯了～原～諒～我～（跪） 這樣才是合格貓奴→https://goo.gl/QDzHny:=:https://line.me/R/ti/p/%40tvbsnews . 【四雙眼「怒視」！他睜眼嚇壞：晚了40分鐘餵主子】 https://news.tvbs.com.tw/life/906175,https://news.tvbs.com.tw/life/906175,,四雙眼「怒視」！他睜眼嚇壞：晚了40分鐘餵主子│TVBS新聞網,,,,805.0
TVBS 新聞,2032825,2018-04-26 22:30:00 SGT,Link,741,36,8,1,11,3,0,1,0,,0,0,0,https://www.facebook.com/tvbsfb/posts/10155351306555933,還沒搶到票的朋友～速度要加快啦～ 吳宗憲 Jacky Wu 更多 #娛樂新聞→https://goo.gl/QDzHny:=:https://line.me/R/ti/p/%40tvbsnews 【演唱會門票秒殺　吳宗憲宣布729小巨蛋加場　】,https://news.tvbs.com.tw/entertainment/909079?from=fbnews,,演唱會門票秒殺　吳宗憲宣布729小巨蛋加場　│TVBS新聞網,,,,801.0
TVBS 新聞,2032825,2018-04-26 11:15:00 SGT,Link,325,163,43,1,17,83,6,157,0,,0,0,0,https://www.facebook.com/tvbsfb/posts/10155350442630933,有記者、攝影、員警...都被打到受傷欸..... 江湖在走，【 TVBS 新聞 官方Line】要有→https://goo.gl/QDzHny:=:https://line.me/R/ti/p/%40tvbsnews 【洪秀柱要警注意「抗議者」安全　警怒：被打的是我們】,https://news.tvbs.com.tw/politics/908725,,洪秀柱要警注意「抗議者」安全　警怒：被打的是我們│TVBS新聞網,,,,795.0
TVBS 新聞,2032825,2018-04-26 11:00:01 SGT,Link,389,28,49,0,174,130,6,19,0,,0,0,0,https://www.facebook.com/tvbsfb/posts/10155350373380933,這樣太危險了啦！#有影片 江湖在走，【 TVBS 新聞 官方Line】要有→https://goo.gl/QDzHny:=:https://line.me/R/ti/p/%40tvbsnews 【女童哭鬧不願上學　竟被爸綁車尾押到學校】,https://news.tvbs.com.tw/world/908696,,女童哭鬧不願上學　竟被爸綁車尾押到學校│TVBS新聞網,,,,795.0
TVBS 新聞,2032825,2018-04-26 22:50:00 SGT,Native Video,600,18,35,1,52,16,1,47,0,original,94729,95273,0,https://www.facebook.com/tvbsfb/posts/1790264921034754,警察叔叔把他們全部都帶走！ 江湖在走，【 TVBS 新聞 官方Line】要有→https://goo.gl/QDzHny:=:https://line.me/R/ti/p/%40tvbsnews 【別想跑！多車包夾砸車　街頭上演全武行】,https://www.facebook.com/tvbsfb/videos/1790264921034754/,,別想跑！多車包夾砸車　街頭上演全武行,,,,770.0
TVBS 新聞,2032825,2018-04-26 20:10:00 SGT,Link,684,15,9,37,1,1,0,0,0,,0,0,0,https://www.facebook.com/tvbsfb/posts/10155351089720933,這群學生太有愛了💖💖💖小編要向你們看齊～ 江湖在走，【 TVBS 新聞 官方Line】要有→https://goo.gl/QDzHny:=:https://line.me/R/ti/p/%40tvbsnews 【協力人龍擋車護老人過馬路 學生:「我們應該要幫助她」】,https://news.tvbs.com.tw/life/909062,,協力人龍擋車護老人過馬路  學生:「我們應該要幫助她」│TVBS新聞網,,,,747.0
TVBS 新聞,2032825,2018-04-26 15:10:56 SGT,Live Video Complete,261,270,22,15,8,14,4,116,0,original,21446,27973,0,https://www.facebook.com/tvbsfb/posts/10155350740705933,【年改衝突毆警記者會LIVE】 反年改團體在立法院外的抗議活動演變成暴力流血衝突，造成多名員警跟記者受傷，台北市警局將召開記者會對外說明。 #TVBS新聞｜#TVBSSNG｜#TVBS直播 更多訊息點這→https://goo.gl/QDzHny:=:https://line.me/R/ti/p/%40tvbsnews,https://www.facebook.com/tvbsfb/videos/10155350740705933/,,【年改衝突毆警記者會LIVE】,,,,710.0
TVBS 新聞,2032720,2018-04-26 05:00:01 SGT,Native Video,297,85,46,2,17,84,7,155,0,original,24493,25017,0,https://www.facebook.com/tvbsfb/posts/10160345724480137,這位新任教育部長也太多料可以爆了.....選人的時候有沒有好好調查啊？ #教育部卡管 事件簿→https://goo.gl/ZB5WVf:=:https://news.tvbs.com.tw/pack/packdetail/252 . 【曾任基金會董事　藍委爆「教長與慶富交好」】 https://news.tvbs.com.tw/politics/908161,https://www.facebook.com/tvbsfb/videos/10160345724480137/,,曾任基金會董事　藍委爆「教長與慶富交好」,,,,693.0
TVBS 新聞,2032905,2018-04-27 14:15:00 SGT,Native Video,537,5,139,1,8,0,0,0,0,original,90589,91652,0,https://www.facebook.com/tvbsfb/posts/1739426886145921,想擁有美麗的秀髮，就靠這招！ 快加【TVBS新聞Line】精選話題報你知→https://goo.gl/QDzHny:=:https://line.me/R/ti/p/%40tvbsnews 【吹頭髮有眉角 掌握重點擁有好髮質】 https://news.tvbs.com.tw/life/907598,https://www.facebook.com/tvbsfb/videos/1739426886145921/,,吹頭髮有眉角 掌握重點擁有好髮質,,,,690.0
TVBS 新聞,2032905,2018-04-27 21:40:00 SGT,Native Video,514,12,35,4,77,32,0,2,0,original,100228,100739,0,https://www.facebook.com/tvbsfb/posts/1791326930928553,進退兩難...好尷尬啊啊啊啊 江湖在走，【 TVBS 新聞 官方Line】要有→https://goo.gl/QDzHny:=:https://line.me/R/ti/p/%40tvbsnews 【路不熟！誤入高鐵左營站　遊覽車卡匝道】,https://www.facebook.com/tvbsfb/videos/1791326930928553/,,路不熟！誤入高鐵左營站　遊覽車卡匝道,,,,676.0
TVBS 新聞,2032905,2018-04-27 17:08:35 SGT,Live Video Complete,508,73,64,21,4,6,0,0,0,original,17140,19896,0,https://www.facebook.com/tvbsfb/posts/10155353131285933,【文金會LIVE】文金會晚宴 TVBS新聞解析內幕！ 跨越38度－#文金會→https://goo.gl/7g1FPk:=:https://news.tvbs.com.tw/pack/packdetail/320 #TVBS新聞｜#TVBSSNG｜#TVBS直播,https://www.facebook.com/tvbsfb/videos/10155353131285933/,,文金會LIVE,,,,676.0
TVBS 新聞,2032825,2018-04-27 00:20:00 SGT,Link,480,21,4,1,107,3,47,6,0,,0,0,0,https://www.facebook.com/tvbsfb/posts/10155351536515933,為什麼要這樣？？分手了他就是屎，何必為了屎......😭😭😭 #自殺不能解決問題 #想想愛你的人 . 【傳「等你來收屍」給前男友　她下一秒跳河喪命】 https://news.tvbs.com.tw/local/908248,https://news.tvbs.com.tw/local/908248,,傳「等你來收屍」給前男友　她下一秒跳河喪命│TVBS新聞網,,,,669.0
TVBS 新聞,2032825,2018-04-26 15:04:24 SGT,Link,403,18,5,0,29,64,1,146,0,,0,0,0,https://www.facebook.com/tvbsfb/posts/10155348395825933,阿彌陀佛！太誇張了喔！這樣討拍...... 江湖在走，【 TVBS 新聞 官方Line】要有→https://goo.gl/QDzHny:=:https://line.me/R/ti/p/%40tvbsnews 【宅男哭訴沒錢葬父　警破門驚見「過世父母」站眼前】,https://news.tvbs.com.tw/local/908139,,宅男哭訴沒錢葬父　警破門驚見「過世父母」站眼前│TVBS新聞網,,,,666.0
TVBS 新聞,2032825,2018-04-27 06:40:00 SGT,Native Video,450,3,145,2,38,3,1,0,0,original,74018,77312,0,https://www.facebook.com/tvbsfb/posts/10160350056395137,原來冷氣鐵架只能用15年耶！你家的需要換嗎？？ 這些東西也有年限→https://goo.gl/QDzHny:=:https://line.me/R/ti/p/%40tvbsnews . 【冷氣鐵架「生鏽就得換」　拆解重組做工複雜】 https://news.tvbs.com.tw/life/906117,https://www.facebook.com/tvbsfb/videos/10160350056395137/,,冷氣鐵架「生鏽就得換」　拆解重組做工複雜,,,,642.0
TVBS 新聞,2032825,2018-04-26 18:15:00 SGT,Link,275,128,16,1,3,77,0,134,0,,0,0,0,https://www.facebook.com/tvbsfb/posts/10155350892845933,火藥味濃濃der～ 江湖在走，【 TVBS 新聞 官方Line】要有→https://goo.gl/QDzHny:=:https://line.me/R/ti/p/%40tvbsnews 【參加感恩餐會維持4不？勇哥嗆中監：乾脆祭「天龍8不」】 https://news.tvbs.com.tw/politics/908589,https://news.tvbs.com.tw/politics/908589,,參加感恩餐會維持4不？勇哥嗆中監：乾脆祭「天龍8不」│TVBS新聞網,,,,634.0
TVBS 新聞,2032905,2018-04-27 17:30:00 SGT,Link,522,43,6,3,30,23,0,1,0,,0,0,0,https://www.facebook.com/tvbsfb/posts/10155353065165933,想當初，警長對於1600發子彈非！常！震！驚！ 狄鶯兒在美被捕→https://goo.gl/L9eVGb:=:https://news.tvbs.com.tw/pack/packdetail/310 【孫安佐想靠ARD脫身　警長「強烈反對」將揭更多證據】 https://news.tvbs.com.tw/world/909658,https://news.tvbs.com.tw/world/909658,,孫安佐想靠ARD脫身　警長「強烈反對」將揭更多證據│TVBS新聞網,,,,628.0
TVBS 新聞,2032720,2018-04-26 01:00:01 SGT,Link,278,134,29,3,24,20,6,132,0,,0,0,0,https://www.facebook.com/tvbsfb/posts/10155349256725933,怎麼連學弟都打啊........ #反年改 懶人包→https://goo.gl/qHhqbE:=:https://news.tvbs.com.tw/pack/packdetail/295 . 【反軍改爆衝突　霹靂小組員警遭抗議群眾毆打】 https://news.tvbs.com.tw/politics/908457,https://news.tvbs.com.tw/politics/908457,,反軍改爆衝突　霹靂小組員警遭抗議群眾毆打│TVBS新聞網,,,,626.0
TVBS 新聞,2032825,2018-04-26 21:10:00 SGT,Link,536,0,2,0,15,49,0,2,0,,0,0,0,https://www.facebook.com/tvbsfb/posts/10155351177050933,經一事，長一智（拍拍） 江湖在走，【 TVBS 新聞 官方Line】要有→https://goo.gl/QDzHny:=:https://line.me/R/ti/p/%40tvbsnews 【火辣「闆娘」辦性愛趴！他傻交5千求參加　真相曝光崩潰】,https://news.tvbs.com.tw/local/909213,,火辣「闆娘」辦性愛趴！他傻交5千求參加　真相曝光崩潰│TVBS新聞網,,,,604.0
TVBS 新聞,2032825,2018-04-26 18:00:01 SGT,Link,460,42,51,2,13,6,0,0,0,,0,0,0,https://www.facebook.com/tvbsfb/posts/10155350887660933,來！台！北！了！今晚手刀去喝～ 快加【TVBS 新聞Line】精選話題報你知→https://goo.gl/QDzHny:=:https://line.me/R/ti/p/%40tvbsnews 【免跑台中！IG洗板王「老虎堂」來了　士林店今開賣】 https://news.tvbs.com.tw/life/908995,https://news.tvbs.com.tw/life/908995,,免跑台中！IG洗板王「老虎堂」來了　士林店今開賣│TVBS新聞網,,,,574.0
TVBS 新聞,2032825,2018-04-26 15:30:00 SGT,Link,478,7,3,0,21,63,0,2,0,,0,0,0,https://www.facebook.com/tvbsfb/posts/10155350692600933,這不好說>///< #內有影片 江湖在走，【 TVBS 新聞 官方Line】要有→https://goo.gl/QDzHny:=:https://line.me/R/ti/p/%40tvbsnews 【超商包裹離奇「抖動」 店員嚇壞網友驚：姐夫想出來了】,https://news.tvbs.com.tw/life/908896,,超商包裹離奇「抖動」　店員嚇壞網友驚：姐夫想出來了│TVBS新聞網,,,,574.0
TVBS 新聞,2032905,2018-04-27 20:02:42 SGT,Live Video Complete,391,107,34,26,4,7,0,2,0,original,31910,32229,0,https://www.facebook.com/tvbsfb/posts/10155353176505933,【兩韓高峰會LIVE】 兩韓高峰會順利落幕，讓TVBS新聞解析內幕！ 跨越38度－#文金會→https://goo.gl/7g1FPk:=:https://news.tvbs.com.tw/pack/packdetail/320 #TVBS新聞｜#TVBSSNG｜#TVBS直播 #文金會,https://www.facebook.com/tvbsfb/videos/10155353176505933/,,,,,,571.0
TVBS 新聞,2032825,2018-04-26 14:30:00 SGT,Link,360,6,7,0,17,2,50,111,0,,0,0,0,https://www.facebook.com/tvbsfb/posts/10155349879085933,好慘....... 追蹤更多後續報導→https://goo.gl/QDzHny:=:https://line.me/R/ti/p/%40tvbsnews . 【從小三口中得知老公出軌　人妻氣到流產離婚】 https://news.tvbs.com.tw/local/908623,https://news.tvbs.com.tw/local/908623,,從小三口中得知老公出軌　人妻氣到流產離婚│TVBS新聞網,,,,553.0
TVBS 新聞,2032825,2018-04-27 01:40:00 SGT,Native Video,346,34,33,3,48,47,4,29,0,original,62456,63542,0,https://www.facebook.com/tvbsfb/posts/10160349489690137,你只是出門買一手，不慎自撞，酒灑到身上才會有酒味對吧？！ #無限期支持酒駕重罰→https://goo.gl/QDzHny:=:https://line.me/R/ti/p/%40tvbsnews . 【車上半打啤酒還辯稱沒喝　自撞酒測值0.57毫克】 https://news.tvbs.com.tw/local/908754,https://www.facebook.com/tvbsfb/videos/10160349489690137/,,車上半打啤酒還辯稱沒喝　自撞酒測值0.57毫克,,,,544.0
TVBS 新聞,2032825,2018-04-26 10:30:00 SGT,Native Video,298,53,24,2,14,37,0,107,0,original,72903,73116,0,https://www.facebook.com/tvbsfb/posts/10156295033804246,八百壯士副指揮官兼發言人吳斯懷表示，這名男子查證後初步了解，他不是退伍軍人 江湖在走，【 TVBS 新聞 官方Line】要有→https://goo.gl/QDzHny:=:https://line.me/R/ti/p/%40tvbsnews 【醉男闖反年改現場　對媒體潑灑疑似尿液】 https://news.tvbs.com.tw/politics/908695,https://www.facebook.com/tvbsfb/videos/10156295033804246/,,醉男闖反年改現場　對媒體潑灑疑似尿液,,,,535.0
TVBS 新聞,2032825,2018-04-26 21:00:02 SGT,Link,233,3,119,0,146,1,12,0,0,,0,0,0,https://www.facebook.com/tvbsfb/posts/10155351196345933,發現身體有異狀，千萬不要拖啊～ 江湖在走，【 TVBS 新聞 官方Line】要有→https://goo.gl/QDzHny:=:https://line.me/R/ti/p/%40tvbsnews 【連咳20天全身痛！女照X光…竟「肋骨斷5根」】,https://news.tvbs.com.tw/life/909221,,連咳20天全身痛！女照X光…竟「肋骨斷5根」│TVBS新聞網,,,,514.0
TVBS 新聞,2032825,2018-04-26 09:15:00 SGT,Link,330,73,16,1,10,14,8,52,0,,0,0,0,https://www.facebook.com/tvbsfb/posts/10155349873705933,真的不要太激動啦！ #反年改 懶人包→https://goo.gl/qHhqbE:=:https://news.tvbs.com.tw/pack/packdetail/295 . 【反軍改毆記者！吳斯懷鞠躬歉　持「冰封斷指」控暴政】 https://news.tvbs.com.tw/politics/908646,https://news.tvbs.com.tw/politics/908646,,反軍改毆記者！吳斯懷鞠躬歉　持「冰封斷指」控暴政│TVBS新聞網,,,,504.0
TVBS 新聞,2032905,2018-04-27 10:30:11 SGT,Live Video Complete,349,61,52,25,5,2,0,0,0,original,21855,22316,0,https://www.facebook.com/tvbsfb/posts/10155352504660933,【文金會LIVE】 全球矚目的文金會今登場，金正恩與文在寅到底會談論什麼內容呢？TVBS特派記者-相振為帶您來深入了解，文金會整天的行程與國際焦點。 #TVBS新聞｜#TVBSSNG｜#TVBS直播 #文金會 跨越38度→https://goo.gl/7g1FPk:=:https://news.tvbs.com.tw/pack/packdetail/320 更多訊息點這→https://goo.gl/QDzHny:=:https://line.me/R/ti/p/%40tvbsnews,https://www.facebook.com/tvbsfb/videos/10155352504660933/,,文金會LIVE,,,,494.0
TVBS 新聞,2032825,2018-04-26 16:10:00 SGT,Link,395,5,2,0,52,28,0,12,0,,0,0,0,https://www.facebook.com/tvbsfb/posts/10155350768270933,傻眼🙄🙄🙄一切根本就是自己幻想的嘛！ #自殺不能解決問題→https://goo.gl/QDzHny:=:https://line.me/R/ti/p/%40tvbsnews 【女淚訴遭性侵！網暴怒肉搜渣男　得知真相驚呆】 https://news.tvbs.com.tw/world/908944,https://news.tvbs.com.tw/world/908944,,女淚訴遭性侵！網暴怒肉搜渣男　得知真相驚呆│TVBS新聞網,,,,494.0
TVBS 新聞,2032720,2018-04-26 07:20:00 SGT,Link,380,1,3,1,56,46,2,1,0,,0,0,0,https://www.facebook.com/tvbsfb/posts/10155347604855933,...................好慘 觸電般不可思議🎶🎶→https://goo.gl/QDzHny:=:https://line.me/R/ti/p/%40tvbsnews . 【已婚男遇初戀生子送養　9年後被判刑才知不是他的種】 https://news.tvbs.com.tw/world/907917,https://news.tvbs.com.tw/world/907917,,已婚男遇初戀生子送養　9年後被判刑才知不是他的種│TVBS新聞網,,,,490.0
TVBS 新聞,2032825,2018-04-26 21:38:47 SGT,Link,266,7,49,1,139,1,17,1,0,,0,0,0,https://www.facebook.com/tvbsfb/posts/10155351309830933,#最新 😱😱😱😱😱 江湖在走，【 TVBS 新聞 官方Line】要有→https://goo.gl/QDzHny:=:https://line.me/R/ti/p/%40tvbsnews 【豆奶攤傳食物中毒　碩士暴斃前曾用餐】,https://news.tvbs.com.tw/local/909258,,豆奶攤傳食物中毒　碩士暴斃前曾用餐│TVBS新聞網,,,,481.0
TVBS 新聞,2032825,2018-04-26 17:13:55 SGT,Link,320,3,3,1,117,1,20,0,0,,0,0,0,https://www.facebook.com/tvbsfb/posts/10155350954420933,#最新 祈禱傷者無大礙... 江湖在走，【 TVBS 新聞 官方Line】要有→https://goo.gl/QDzHny:=:https://line.me/R/ti/p/%40tvbsnews 【轟然巨響宜蘭氣爆炸飛屋頂　2受傷送醫】,https://news.tvbs.com.tw/local/909048,,快訊／轟然巨響宜蘭氣爆炸飛屋頂　2受傷送醫│TVBS新聞網,,,,465.0
TVBS 新聞,2032825,2018-04-27 07:00:02 SGT,Link,327,9,5,2,46,0,71,0,0,,0,0,0,https://www.facebook.com/tvbsfb/posts/10155351984060933,怎麼會這樣😨😨😨 追蹤更多後續報導→https://goo.gl/QDzHny:=:https://line.me/R/ti/p/%40tvbsnews . 【張昭雄胞妹傳死訊！陳屍獨居處逾7日　飄濃厚屍臭】 https://news.tvbs.com.tw/local/909321,https://news.tvbs.com.tw/local/909321,,張昭雄胞妹傳死訊！陳屍獨居處逾7日　飄濃厚屍臭│TVBS新聞網,,,,460.0
TVBS 新聞,2032825,2018-04-27 06:00:01 SGT,Native Video,282,33,56,1,36,11,0,36,0,original,42136,42907,0,https://www.facebook.com/tvbsfb/posts/10160350023680137,所以父母都不能被外派了耶！那怎麼賺錢養孩子啊？？？😧😧😧😧 追蹤更多後續報導→https://goo.gl/QDzHny:=:https://line.me/R/ti/p/%40tvbsnews . 【北市育兒津貼新規　父母離台不得超過半年】 https://news.tvbs.com.tw/politics/908532,https://www.facebook.com/tvbsfb/videos/10160350023680137/,,北市育兒津貼新規　父母離台不得超過半年,,,,455.0
TVBS 新聞,2032905,2018-04-27 16:40:00 SGT,Link,161,27,11,0,16,1,24,208,0,,0,0,0,https://www.facebook.com/tvbsfb/posts/10155353020030933,你小孩死了要不要也送你類似的？ 快加【TVBS 新聞Line】精選話題報你知→https://goo.gl/QDzHny:=:https://line.me/R/ti/p/%40tvbsnews 【再送隻類似的還你…　愛貓送洗遭美容師粗暴洗死】 https://news.tvbs.com.tw/life/909620,https://news.tvbs.com.tw/life/909620,,再送隻類似的還你…　愛貓送洗遭美容師粗暴洗死│TVBS新聞網,,,,448.0
TVBS 新聞,2032905,2018-04-27 18:45:00 SGT,Link,400,5,4,0,8,29,0,0,0,,0,0,0,https://www.facebook.com/tvbsfb/posts/10155353060005933,什麼！？連馬桶都外帶？ 快加【TVBS 新聞Line】精選話題報你知→https://goo.gl/QDzHny:=:https://line.me/R/ti/p/%40tvbsnews 【沒安全感？除了自備筆簽名　金正恩連「這個」都自己帶】 https://news.tvbs.com.tw/world/909647,https://news.tvbs.com.tw/world/909647,,沒安全感？除了自備筆簽名　金正恩連「這個」都自己帶│TVBS新聞網,,,,446.0
TVBS 新聞,2032825,2018-04-27 02:03:59 SGT,Native Video,273,23,22,2,43,7,3,72,0,original,71792,71997,0,https://www.facebook.com/tvbsfb/posts/10160349599310137,沒想到機捷的司機這麼辛苦，只能用尿袋欸...... 追蹤更多後續報導→https://goo.gl/QDzHny:=:https://line.me/R/ti/p/%40tvbsnews . 【尿袋小解全都錄　桃捷駕駛員怨：侵犯隱私】 https://news.tvbs.com.tw/life/909082,https://www.facebook.com/tvbsfb/videos/10160349599310137/,,尿袋小解全都錄　桃捷駕駛員怨：侵犯隱私,,,,445.0
TVBS 新聞,2032905,2018-04-27 09:30:01 SGT,Link,415,0,2,4,7,0,14,2,0,,0,0,0,https://www.facebook.com/tvbsfb/posts/10155352024520933,人生還有很多希望，不要想不開啊（拍拍） . 江湖在走，【TVBS 新聞官方Line】要有→https://goo.gl/QDzHny:=:https://line.me/R/ti/p/%40tvbsnews 【男闖「自殺森林」欲尋短　網紅擁抱救他一命】 https://news.tvbs.com.tw/world/898731,https://news.tvbs.com.tw/world/898731,,男闖「自殺森林」欲尋短　網紅擁抱救他一命│TVBS新聞網,,,,444.0
TVBS 新聞,2032905,2018-04-27 21:50:00 SGT,Native Video,253,24,19,1,29,7,14,76,0,original,57126,57266,0,https://www.facebook.com/tvbsfb/posts/1791337344260845,臉書上滿是媽媽對兒子的回憶... 江湖在走，【 TVBS 新聞 官方Line】要有→https://goo.gl/QDzHny:=:https://line.me/R/ti/p/%40tvbsnews 【無照違規遭撞死　母控對方毒駕竟無肇責】,https://www.facebook.com/tvbsfb/videos/1791337344260845/,,無照違規遭撞死　母控對方毒駕竟無肇責,,,,423.0
TVBS 新聞,2032905,2018-04-27 17:45:00 SGT,Link,390,5,14,2,5,2,1,0,0,,0,0,0,https://www.facebook.com/tvbsfb/posts/10155353094695933,回收隊的阿姨很厲害耶～環保又有新東西！ 快加【TVBS 新聞Line】精選話題報你知→https://goo.gl/QDzHny:=:https://line.me/R/ti/p/%40tvbsnews 【北市回收隊員巧手　廢棄衣物做包包】https://news.tvbs.com.tw/life/909649,https://news.tvbs.com.tw/life/909649,,北市回收隊員巧手　廢棄衣物做包包│TVBS新聞網,,,,419.0
TVBS 新聞,2032825,2018-04-26 19:30:00 SGT,Link,397,1,6,3,11,0,0,0,0,,0,0,0,https://www.facebook.com/tvbsfb/posts/10155350937460933,你是風兒～我是沙～纏纏綿綿繞天涯～♫♪♫♪ 更多 #娛樂新聞→https://goo.gl/QDzHny:=:https://line.me/R/ti/p/%40tvbsnews 【《還珠》換角內幕！爾康原本是他　林心如跳級變女一】,https://news.tvbs.com.tw/entertainment/909031?from=fbnews,,《還珠》換角內幕！爾康原本是他　林心如跳級變女一│TVBS新聞網,,,,418.0
TVBS 新聞,2032720,2018-04-26 07:40:00 SGT,Link,328,9,0,0,51,24,2,1,0,,0,0,0,https://www.facebook.com/tvbsfb/posts/10155349819480933,因為隨地小便就送了一條命......😨😨😨😨 更多 #國際新聞→https://goo.gl/QDzHny:=:https://line.me/R/ti/p/%40tvbsnews . 【男隨地小便被噴催淚瓦斯　押回警局突暴斃】 https://news.tvbs.com.tw/world/894980,https://news.tvbs.com.tw/world/894980,,男隨地小便被噴催淚瓦斯　押回警局突暴斃│TVBS新聞網,,,,415.0
TVBS 新聞,2032825,2018-04-27 03:00:02 SGT,Native Video,256,14,18,3,20,3,5,79,0,original,66030,66229,0,https://www.facebook.com/tvbsfb/posts/10160349317495137,嫌犯辯稱，因為債主吼他，所以才會這樣..... 追蹤更多後續報導→https://goo.gl/QDzHny:=:https://line.me/R/ti/p/%40tvbsnews . 【還不出1萬5！　嫌犯狠心拿大鎖、水管殺債主】 https://news.tvbs.com.tw/local/908836,https://www.facebook.com/tvbsfb/videos/10160349317495137/,,還不出1萬5！　嫌犯狠心拿大鎖、水管殺債主,,,,398.0
TVBS 新聞,2032825,2018-04-26 21:20:00 SGT,Link,310,11,18,0,25,1,12,5,0,,0,0,0,https://www.facebook.com/tvbsfb/posts/10155351211725933,小編最愛der芋頭...😭😭😭 江湖在走，【 TVBS 新聞 官方Line】要有→https://goo.gl/QDzHny:=:https://line.me/R/ti/p/%40tvbsnews 【芋頭飆漲！　阿爸の芋圓、香帥芋泥蛋糕調價】,https://news.tvbs.com.tw/life/909171,,芋頭飆漲！　阿爸の芋圓、香帥芋泥蛋糕調價│TVBS新聞網,,,,382.0
TVBS 新聞,2032905,2018-04-27 13:30:01 SGT,Link,293,4,4,0,22,3,0,52,0,,0,0,0,https://www.facebook.com/tvbsfb/posts/10155352830685933,這一定是收錢做事阿！ 快加【TVBS 新聞Line】精選話題報你知→https://goo.gl/QDzHny:=:https://line.me/R/ti/p/%40tvbsnews 【醫院女廁裝針孔偷拍　女護理師：被男網友拍裸照威脅】 https://news.tvbs.com.tw/local/909533,https://news.tvbs.com.tw/local/909533,,醫院女廁裝針孔偷拍　女護理師：被男網友拍裸照威脅│TVBS新聞網,,,,378.0
TVBS 新聞,2032825,2018-04-26 23:30:00 SGT,Native Video,207,16,43,5,29,7,0,70,0,original,58611,59115,0,https://www.facebook.com/tvbsfb/posts/1790342891026957,出遊的興致應該都被打壞了吧... 江湖在走，【 TVBS 新聞 官方Line】要有→https://goo.gl/QDzHny:=:https://line.me/R/ti/p/%40tvbsnews 【機位超賣僅退代金券！　民眾批廉航限制多】,https://www.facebook.com/tvbsfb/videos/1790342891026957/,,機位超賣僅退代金券！　民眾批廉航限制多,,,,377.0
TVBS 新聞,2032720,2018-04-26 05:20:00 SGT,Native Video,216,45,18,1,8,31,3,41,0,original,30385,30684,0,https://www.facebook.com/tvbsfb/posts/10160345756620137,最近警察這麼辛苦，多調一點吧！！ #挺警察→https://goo.gl/QDzHny:=:https://line.me/R/ti/p/%40tvbsnews . 【加薪？內政部調警功俸　遭批「看得到吃不到」】 https://news.tvbs.com.tw/politics/908373,https://www.facebook.com/tvbsfb/videos/10160345756620137/,,加薪？內政部調警功俸　遭批「看得到吃不到」,,,,363.0
TVBS 新聞,2032720,2018-04-26 08:00:01 SGT,Link,235,6,3,0,6,108,0,1,0,,0,0,0,https://www.facebook.com/tvbsfb/posts/10155348602350933,留電話錯了嗎？　錯的是你沒帶腦阿！ 快加【TVBS 新聞Line】精選話題報你知→https://goo.gl/QDzHny:=:https://line.me/R/ti/p/%40tvbsnews 【高招！他臨停車留「電話」　網笑：這招要學起來】 https://news.tvbs.com.tw/life/908285,https://news.tvbs.com.tw/life/908285,,高招！他臨停車留「電話」　網笑：這招要學起來│TVBS新聞網,,,,359.0
TVBS 新聞,2032720,2018-04-26 00:45:00 SGT,Link,254,7,0,1,29,1,2,40,0,,0,0,0,https://www.facebook.com/tvbsfb/posts/10155349310880933,嘖嘖嘖嘖~~還好法官有查明事實.... 誰說天下無不是的父母？→https://goo.gl/QDzHny:=:https://line.me/R/ti/p/%40tvbsnews . 【她控生女被逼結紮趕出家門　討撫養費卻遭打臉】 https://news.tvbs.com.tw/local/908622,https://news.tvbs.com.tw/local/908622,,她控生女被逼結紮趕出家門　討撫養費卻遭打臉│TVBS新聞網,,,,334.0
TVBS 新聞,2032825,2018-04-27 05:20:00 SGT,Native Video,127,107,6,1,3,61,3,24,0,original,22650,22681,0,https://www.facebook.com/tvbsfb/posts/10160349794925137,真的好尷尬喔！！看得我也尷尬起來了~ #2018選戰最前線→https://goo.gl/uLjjiP:=:https://news.tvbs.com.tw/pack/packdetail/183 . 【相談甚歡1小時？　蘇、游沉默互看笑解尷尬】 https://news.tvbs.com.tw/politics/909100,https://www.facebook.com/tvbsfb/videos/10160349794925137/,,相談甚歡1小時？　蘇、游沉默互看笑解尷尬,,,,332.0
TVBS 新聞,2032825,2018-04-26 20:40:00 SGT,Link,295,4,5,2,21,2,0,0,0,,0,0,0,https://www.facebook.com/tvbsfb/posts/10155351065595933,等了10年的清白啊...（拍拍）恭喜你回復自由之身 江湖在走，【 TVBS 新聞 官方Line】要有→https://goo.gl/QDzHny:=:https://line.me/R/ti/p/%40tvbsnews 【冤案10年！被控走私毒品判18年　翻案無罪】,https://news.tvbs.com.tw/local/909117,,冤案10年！被控走私毒品判18年　翻案無罪│TVBS新聞網,,,,329.0
TVBS 新聞,2032720,2018-04-26 04:26:00 SGT,Native Video,162,56,6,2,4,60,3,33,0,original,49774,49868,0,https://www.facebook.com/tvbsfb/posts/10216637308553011,全球參政的年齡越來越低，台灣卻只有老將… 　 TVBS新聞APP→https://goo.gl/ukMRq6:=:http://vip.tvbs.com.tw/appshare/fbappinstall.html?utm_source=FB&utm_medium=calltoaction&utm_campaign=saurman 【綠捨中生代挺蘇　穩住雙北、放眼2020】 https://news.tvbs.com.tw/politics/904383?from_fbnews2 【#十點不一樣 周一至周五晚間10點 @55台 】,https://www.facebook.com/tvbsfb/videos/10216637308553011/,,綠捨中生代挺蘇　穩住雙北、放眼2020,,,,326.0
TVBS 新聞,2032825,2018-04-26 13:30:01 SGT,Native Video,113,108,5,1,2,37,3,41,0,original,31519,31565,0,https://www.facebook.com/tvbsfb/posts/10156295369274246,看來兩人談的很愉快 江湖在走，【 TVBS 新聞 官方Line】要有→https://goo.gl/QDzHny:=:https://line.me/R/ti/p/%40tvbsnews 【大團結！　蘇貞昌：敦請游錫堃任競總主委】 https://news.tvbs.com.tw/politics/908861,https://www.facebook.com/tvbsfb/videos/10156295369274246/,,大團結！　蘇貞昌：敦請游錫堃任競總主委,,,,310.0
TVBS 新聞,2032825,2018-04-26 23:50:00 SGT,Link,133,8,7,0,68,8,1,84,0,,0,0,0,https://www.facebook.com/tvbsfb/posts/10155351375495933,這樣真的很危險耶！！！ #有影片 江湖在走，【 TVBS 新聞 官方Line】要有→https://goo.gl/QDzHny:=:https://line.me/R/ti/p/%40tvbsnews 【凍未條？車子邊開…男嬰被「端出」車窗外小便】,https://news.tvbs.com.tw/world/909272,,凍未條？車子邊開…男嬰被「端出」車窗外小便│TVBS新聞網,,,,309.0
TVBS 新聞,2032825,2018-04-26 09:30:00 SGT,Link,231,39,3,0,11,21,1,2,0,,0,0,0,https://www.facebook.com/tvbsfb/posts/10155346566180933,幫士兵QQ...（拍拍） 江湖在走，【 TVBS 新聞 官方Line】要有→https://goo.gl/QDzHny:=:https://line.me/R/ti/p/%40tvbsnews 【軍卡撞瑪莎拉蒂車主臉超臭　網：駕駛要逃兵了】,https://news.tvbs.com.tw/local/907639,,軍卡撞瑪莎拉蒂車主臉超臭　網：駕駛要逃兵了│TVBS新聞網,,,,308.0
TVBS 新聞,2032905,2018-04-27 11:15:00 SGT,Link,220,4,16,2,38,26,0,1,0,,0,0,0,https://www.facebook.com/tvbsfb/posts/10155352545170933,尊重古蹟！不要亂拿啊 江湖在走，【 TVBS 新聞 官方Line】要有→https://goo.gl/QDzHny:=:https://line.me/R/ti/p/%40tvbsnews 【偷拿古廟磚石回家　遊客染怪病嚇傻急送回】,https://news.tvbs.com.tw/world/909377,,偷拿古廟磚石回家　遊客染怪病嚇傻急送回│TVBS新聞網,,,,307.0
TVBS 新聞,2032905,2018-04-27 15:15:00 SGT,Link,284,4,6,0,7,0,0,0,0,,0,0,0,https://www.facebook.com/tvbsfb/posts/10155352944815933,紅了紅了！北韓冷麵跟南韓的不一樣阿！ 快加【TVBS 新聞Line】精選話題報你知→https://goo.gl/QDzHny:=:https://line.me/R/ti/p/%40tvbsnews 【寫歌讚頌韓劇也吃！　北韓「平壤冷麵」名氣大】 https://news.tvbs.com.tw/world/909558,https://news.tvbs.com.tw/world/909558,,寫歌讚頌韓劇也吃！　北韓「平壤冷麵」名氣大│TVBS新聞網,,,,301.0
TVBS 新聞,2032905,2018-04-27 10:15:00 SGT,Link,218,4,3,0,21,0,51,0,0,,0,0,0,https://www.facebook.com/tvbsfb/posts/10155352473160933,你的音樂會一直在粉絲們心中 R.I.P. #珍惜生命請打1995 江湖在走，【 TVBS 新聞 官方Line】要有→https://goo.gl/QDzHny:=:https://line.me/R/ti/p/%40tvbsnews 【艾維奇死因是「輕生」　家人悲：他想尋求平靜】,https://news.tvbs.com.tw/entertainment/909357?from=fbnews,,艾維奇死因是「輕生」　家人悲：他想尋求平靜│TVBS新聞網,,,,297.0
TVBS 新聞,2032825,2018-04-27 04:30:00 SGT,Native Video,220,9,42,4,11,6,0,2,0,original,61137,61404,0,https://www.facebook.com/tvbsfb/posts/10160349927280137,雖然說優惠多，但是競爭多更多啊！ #十點不一樣 不一樣的新聞→https://goo.gl/QDzHny:=:https://line.me/R/ti/p/%40tvbsnews . 【廈門惠台「生死一手包」　醫療、住房補貼廣】 https://news.tvbs.com.tw/life/903117 . 【十點不一樣 周一至周五晚間10點@55台】,https://www.facebook.com/tvbsfb/videos/10160349927280137/,,廈門惠台「生死一手包」　醫療、住房補貼廣,,,,294.0
TVBS 新聞,2032825,2018-04-26 18:45:00 SGT,Link,120,103,7,1,5,35,0,19,0,,0,0,0,https://www.facebook.com/tvbsfb/posts/10155350885280933,這些人根本就在演戲阿～現場的人真的知道自己在抗議什麼？ 快加【TVBS 新聞Line】精選話題報你知→https://goo.gl/QDzHny:=:https://line.me/R/ti/p/%40tvbsnews 【反年改抗議群眾遭警綁束帶　被爆疑似自導自演套回去？】 https://news.tvbs.com.tw/politics/909000,https://news.tvbs.com.tw/politics/909000,,反年改抗議群眾遭警綁束帶　被爆疑似自導自演套回去？│TVBS新聞網,,,,290.0
TVBS 新聞,2032720,2018-04-26 03:00:01 SGT,Native Video,205,9,8,1,15,42,0,7,0,original,50725,52222,0,https://www.facebook.com/tvbsfb/posts/10160345310660137,然後沒戴安全帽的那個，還試圖騎走警車......你們到底是多醉啊？？ #無限期支持酒駕重罰→https://goo.gl/QDzHny:=:https://line.me/R/ti/p/%40tvbsnews . 【乘客沒戴安全帽遭警攔　竟查到駕駛酒駕】 https://news.tvbs.com.tw/local/908198,https://www.facebook.com/tvbsfb/videos/10160345310660137/,,乘客沒戴安全帽遭警攔　竟查到駕駛酒駕,,,,287.0
TVBS 新聞,2032905,2018-04-27 19:20:00 SGT,Link,232,8,13,0,11,17,0,5,0,,0,0,0,https://www.facebook.com/tvbsfb/posts/10155353177590933,連電信龍頭嚨裝惦惦... 江湖在走，【 TVBS 新聞 官方Line】要有→https://goo.gl/QDzHny:=:https://line.me/R/ti/p/%40tvbsnews 【499吃到飽月底退場嗎？　中華電：沒人敢說】,https://news.tvbs.com.tw/life/909711,,499吃到飽月底退場嗎？　中華電：沒人敢說│TVBS新聞網,,,,286.0
TVBS 新聞,2032825,2018-04-26 23:00:01 SGT,Link,231,1,1,0,18,32,0,2,0,,0,0,0,https://www.facebook.com/tvbsfb/posts/10155351220000933,賓客都尷尬癌發作了吧... 江湖在走，【 TVBS 新聞 官方Line】要有→https://goo.gl/QDzHny:=:https://line.me/R/ti/p/%40tvbsnews 【新娘進場音樂有嬌喘聲　原來飯店放到「這一首」】,https://news.tvbs.com.tw/life/909229,,新娘進場音樂有嬌喘聲　原來飯店放到「這一首」│TVBS新聞網,,,,285.0
TVBS 新聞,2032825,2018-04-26 17:15:00 SGT,Native Video,165,7,84,1,21,4,2,0,0,original,21968,44180,0,https://www.facebook.com/tvbsfb/posts/1738268086261801,難怪覺得....眼周的細紋怎麼越來越明顯 快加【TVBS新聞Line】精選話題報你知→https://goo.gl/QDzHny:=:https://line.me/R/ti/p/%40tvbsnews 【3C產品不離手？小心眼周老化提早報到】 https://news.tvbs.com.tw/life/908336,https://www.facebook.com/tvbsfb/videos/1738268086261801/,,3C產品不離手？小心眼周老化提早報到,,,,284.0
TVBS 新聞,2032720,2018-04-26 07:00:01 SGT,Native Video,238,5,8,1,27,2,0,2,0,original,66577,66654,0,https://www.facebook.com/tvbsfb/posts/10160346133440137,沒想到雲門翠堤的地這麼小欸！ 追蹤更多後續報導→https://goo.gl/QDzHny:=:https://line.me/R/ti/p/%40tvbsnews . 【倒塌不再蓋！　災民異地重建或按地價售出】 https://news.tvbs.com.tw/life/906843,https://www.facebook.com/tvbsfb/videos/10160346133440137/,,倒塌不再蓋！　災民異地重建或按地價售出,,,,283.0
TVBS 新聞,2032825,2018-04-27 01:00:01 SGT,Link,118,46,11,1,2,43,0,61,0,,0,0,0,https://www.facebook.com/tvbsfb/posts/10155351333260933,還記得阿扁去年募款餐會說的話嗎？ 江湖在走，【 TVBS 新聞 官方Line】要有→https://goo.gl/QDzHny:=:https://line.me/R/ti/p/%40tvbsnews 【曾說挺反年改？　扁急撇清：只表達感謝軍公教】,https://news.tvbs.com.tw/politics/909254,,曾說挺反年改？　扁急撇清：只表達感謝軍公教│TVBS新聞網,,,,282.0
TVBS 新聞,2032825,2018-04-26 22:40:00 SGT,Link,159,9,4,1,23,0,74,2,0,,0,0,0,https://www.facebook.com/tvbsfb/posts/10155351342245933,年邁又有病的母親要怎麼扶養女兒啊... 江湖在走，【 TVBS 新聞 官方Line】要有→https://goo.gl/QDzHny:=:https://line.me/R/ti/p/%40tvbsnews 【離家女患病「截肢半盲」要她養　盲母淚：每月靠3千過活】,https://news.tvbs.com.tw/local/909262,,離家女患病「截肢半盲」要她養　盲母淚：每月靠3千過活│TVBS新聞網,,,,272.0
TVBS 新聞,2032825,2018-04-26 17:00:02 SGT,Link,215,5,3,0,14,21,3,2,0,,0,0,0,https://www.facebook.com/tvbsfb/posts/10155350893340933,不管什麼系畢業，出來都領22Ｋ啦～ #蔡總統規定的 快加【TVBS 新聞Line】精選話題報你知→https://goo.gl/QDzHny:=:https://line.me/R/ti/p/%40tvbsnews 【這個科系「名大於實」？網：70級分進去畢業領22K】 https://news.tvbs.com.tw/life/908283,https://news.tvbs.com.tw/life/908283,,這個科系「名大於實」？網：70級分進去畢業領22K│TVBS新聞網,,,,263.0
TVBS 新聞,2032720,2018-04-26 02:00:01 SGT,Native Video,145,4,10,0,22,3,0,71,0,original,42638,42687,0,https://www.facebook.com/tvbsfb/posts/10160345288880137,神明在你後面，非常的火大 這勇氣一定不是梁靜茹給的→https://goo.gl/QDzHny:=:https://line.me/R/ti/p/%40tvbsnews . 【誇張！　男喝醉闖宮廟持「花瓶」猛砸監視器】 https://news.tvbs.com.tw/local/908152,https://www.facebook.com/tvbsfb/videos/10160345288880137/,,誇張！　男喝醉闖宮廟持「花瓶」猛砸監視器,,,,255.0
TVBS 新聞,2032905,2018-04-27 10:00:26 SGT,Native Video,218,7,9,2,5,2,0,0,0,original,24387,24427,0,https://www.facebook.com/tvbsfb/posts/10156297425059246,歷史性的一刻！！！ 江湖在走，【 TVBS 新聞 官方Line】要有→https://goo.gl/QDzHny:=:https://line.me/R/ti/p/%40tvbsnews 【文金會談正式登場　金正恩：兩韓重新開始】 https://news.tvbs.com.tw/world/909393 跨越38度－#文金會→https://goo.gl/7g1FPk:=:https://news.tvbs.com.tw/pack/packdetail/320,https://www.facebook.com/tvbsfb/videos/10156297425059246/,,文金會談正式登場　金正恩：兩韓重新開始,,,,243.0
TVBS 新聞,2032825,2018-04-26 22:20:00 SGT,Link,186,5,2,0,22,1,3,20,0,,0,0,0,https://www.facebook.com/tvbsfb/posts/10155351300715933,在湖邊發現了嫌犯的車，但搜索湖面卻一無所獲... 江湖在走，【 TVBS 新聞 官方Line】要有→https://goo.gl/QDzHny:=:https://line.me/R/ti/p/%40tvbsnews 【殺害同居女友後投湖自盡？凶手生死行蹤成謎】,https://news.tvbs.com.tw/local/909111,,殺害同居女友後投湖自盡？凶手生死行蹤成謎│TVBS新聞網,,,,239.0
TVBS 新聞,2032720,2018-04-26 06:00:01 SGT,Native Video,151,0,63,4,19,1,0,0,0,original,40284,40787,0,https://www.facebook.com/tvbsfb/posts/10160345798575137,看不清楚到下樓梯會踩空，很危險耶😨😨😨 更多你該注意的健康變化→https://goo.gl/QDzHny:=:https://line.me/R/ti/p/%40tvbsnews . 【視力模糊誤老花　婦登山險踩空確診「白內障」】 https://news.tvbs.com.tw/health/908397,https://www.facebook.com/tvbsfb/videos/10160345798575137/,,視力模糊誤老花　婦登山險踩空確診「白內障」,,,,238.0
TVBS 新聞,2032905,2018-04-27 19:10:00 SGT,Link,210,1,4,3,2,0,0,0,0,,0,0,0,https://www.facebook.com/tvbsfb/posts/10155353175100933,小編好羨慕有一副好歌喉的人歐～（咬手帕） 跨越38度→https://goo.gl/7g1FPk:=:https://news.tvbs.com.tw/pack/packdetail/320 【文金會插曲　兩韓第一夫人都是歌手出身】,https://news.tvbs.com.tw/world/909685,,文金會插曲　兩韓第一夫人都是歌手出身│TVBS新聞網,,,,220.0
TVBS 新聞,2032825,2018-04-26 16:00:01 SGT,Link,87,21,14,1,10,16,1,58,0,,0,0,0,https://www.facebook.com/tvbsfb/posts/10155350762010933,證據不足判無罪，但仍可上訴..... 江湖在走，【 TVBS 新聞 官方Line】要有→https://goo.gl/QDzHny:=:https://line.me/R/ti/p/%40tvbsnews 【官員喝花酒算應酬！　前茂管處長判無罪】,https://news.tvbs.com.tw/local/908931,,官員喝花酒算應酬！　前茂管處長判無罪│TVBS新聞網,,,,208.0
TVBS 新聞,2032720,2018-04-26 01:20:00 SGT,Native Video,183,0,6,0,13,0,0,0,0,original,41945,42008,0,https://www.facebook.com/tvbsfb/posts/10160344550630137,再危險，都要讀書啊！！ 跨越38度－#文金會→https://goo.gl/7g1FPk:=:https://news.tvbs.com.tw/pack/packdetail/320 . 【韓國最危險小學　直擊邊界威脅下的校園】 https://news.tvbs.com.tw/world/908456,https://www.facebook.com/tvbsfb/videos/10160344550630137/,,韓國最危險小學　直擊邊界威脅下的校園,,,,202.0
TVBS 新聞,2032825,2018-04-26 12:20:00 SGT,Link,147,3,1,0,3,47,0,0,0,,0,0,0,https://www.facebook.com/tvbsfb/posts/10155350415175933,98%相似欸😆 江湖在走，【 TVBS 新聞 官方Line】要有→https://goo.gl/QDzHny:=:https://line.me/R/ti/p/%40tvbsnews 【農村大媽激似川普　霸氣姿勢網驚呼：川普妹妹！】,https://news.tvbs.com.tw/world/908723,,農村大媽激似川普　霸氣姿勢網驚呼：川普妹妹！│TVBS新聞網,,,,201.0
TVBS 新聞,2032905,2018-04-27 18:22:45 SGT,Link,140,6,2,0,7,3,0,41,0,,0,0,0,https://www.facebook.com/tvbsfb/posts/10155353210585933,#最新 立院表決，民進黨團以人數優勢，封殺復議案，當沖降稅新制可望順利在28日實施。 江湖在走，【 TVBS 新聞 官方Line】要有→https://goo.gl/QDzHny:=:https://line.me/R/ti/p/%40tvbsnews 【綠營封殺當沖降稅復議案　新制28日上路】,https://news.tvbs.com.tw/politics/909768,,快訊／綠營封殺當沖降稅復議案　新制28日上路│TVBS新聞網,,,,199.0
TVBS 新聞,2032825,2018-04-26 23:40:10 SGT,Link,89,8,40,1,43,1,3,0,0,,0,0,0,https://www.facebook.com/tvbsfb/posts/10155351508995933,今年怎麼會突然流行麻疹....... 染麻疹怎麼辦→https://goo.gl/gs8kzj:=:https://news.tvbs.com.tw/life/896019?from=fbnews2 . 【香港傳麻疹首例　疑遊泰國遭傳染】 https://news.tvbs.com.tw/world/909316,https://news.tvbs.com.tw/world/909316,,香港傳麻疹首例　疑遊泰國遭傳染│TVBS新聞網,,,,185.0
TVBS 新聞,2032905,2018-04-27 22:30:00 SGT,Link,165,4,1,1,4,7,0,0,0,,0,0,0,https://www.facebook.com/tvbsfb/posts/10155353489270933,今天最開心的人，就是冷麵老闆娘了XDDDDD 跨越38度－#文金會→https://goo.gl/7g1FPk:=:https://news.tvbs.com.tw/pack/packdetail/320 【文金會收視34.06%　南韓人瘋吃平壤冷麵】,https://news.tvbs.com.tw/world/909779,,文金會收視34.06%　南韓人瘋吃平壤冷麵│TVBS新聞網,,,,182.0
TVBS 新聞,2032720,2018-04-26 06:30:00 SGT,Native Video,110,3,29,0,26,1,5,0,0,original,28639,28869,0,https://www.facebook.com/tvbsfb/posts/10160345823945137,每次進到地下停車場都覺得快窒息了...... 更多 #健康小知識→https://goo.gl/QDzHny:=:https://line.me/R/ti/p/%40tvbsnews . 【就像吸毒氣！　地下停車場「揮發物」濃度高】 https://news.tvbs.com.tw/life/900574,https://www.facebook.com/tvbsfb/videos/10160345823945137/,,就像吸毒氣！　地下停車場「揮發物」濃度高,,,,174.0
TVBS 新聞,2032825,2018-04-26 08:20:00 SGT,Link,129,2,0,0,1,37,0,0,0,,0,0,0,https://www.facebook.com/tvbsfb/posts/10155349852890933,創意第一耶XDDD但就要看你老婆買不買單囉～ . 江湖在走，【TVBS 新聞官方Line】要有→https://goo.gl/QDzHny:=:https://line.me/R/ti/p/%40tvbsnews 【他送老婆999朵玫瑰花　網友卻笑：要睡客廳了！】 https://news.tvbs.com.tw/life/898894,https://news.tvbs.com.tw/life/898894,,他送老婆999朵玫瑰花　網友卻笑：要睡客廳了！│TVBS新聞網,,,,169.0
TVBS 新聞,2032825,2018-04-26 13:15:00 SGT,Link,103,9,1,1,4,8,0,21,0,,0,0,0,https://www.facebook.com/tvbsfb/posts/10155350623420933,痾...孩子這玩笑可不好笑啊 江湖在走，【 TVBS 新聞 官方Line】要有→https://goo.gl/QDzHny:=:https://line.me/R/ti/p/%40tvbsnews 【為了舞會！屁孩開種族玩笑　慘遭網圍剿：真反感】,https://news.tvbs.com.tw/world/908847,,為了舞會！屁孩開種族玩笑　慘遭網圍剿：真反感│TVBS新聞網,,,,147.0
TVBS 新聞,2032825,2018-04-27 04:00:00 SGT,Native Video,111,11,8,0,2,7,0,2,0,original,43401,43585,0,https://www.facebook.com/tvbsfb/posts/10160336792720137,就算真的要蓋，到完工還要至少10年以上，我個人是不抱任何期待啦..... #十點不一樣 不一樣的新聞→https://goo.gl/QDzHny:=:https://line.me/R/ti/p/%40tvbsnews . 【捷運民汐線蓋不蓋？　東湖支線意見分歧】 https://news.tvbs.com.tw/life/903122 . 【十點不一樣 周一至周五晚間10點@55台】,https://www.facebook.com/tvbsfb/videos/10160336792720137/,,捷運民汐線蓋不蓋？　東湖支線意見分歧,,,,141.0
TVBS 新聞,2032905,2018-04-27 08:40:00 SGT,Link,82,6,3,1,14,22,0,0,0,,0,0,0,https://www.facebook.com/tvbsfb/posts/10155352016155933,變成這樣會悶死吧？！ 整型前須知→https://goo.gl/QDzHny:=:https://line.me/R/ti/p/%40tvbsnews . 【想當整型活招牌！她術後「鼻孔消失」　客戶全跑光】 https://news.tvbs.com.tw/world/909313,https://news.tvbs.com.tw/world/909313,,想當整型活招牌！她術後「鼻孔消失」　客戶全跑光│TVBS新聞網,,,,128.0
TVBS 新聞,2032905,2018-04-27 11:40:00 SGT,Native Video,114,2,7,0,4,0,0,0,0,original,4581,4585,0,https://www.facebook.com/tvbsfb/posts/10156297509464246,這是韓戰結束後，第一位踏上南韓的北韓領導人啊 江湖在走，【 TVBS 新聞 官方Line】要有→https://goo.gl/QDzHny:=:https://line.me/R/ti/p/%40tvbsnews 【金正恩貴賓簿寫「這句話」　將開啟歷史新頁】 https://news.tvbs.com.tw/world/909432,https://www.facebook.com/tvbsfb/videos/10156297509464246/,,金正恩貴賓簿寫「這句話」　將開啟歷史新頁,,,,127.0
TVBS 新聞,2032825,2018-04-26 16:20:00 SGT,Link,116,1,4,0,0,4,0,0,0,,0,0,0,https://www.facebook.com/tvbsfb/posts/10155350838330933,履歷放照片是一種禮貌，你不知道嗎？ 江湖在走，【TVBS新聞 官方Line】要有→https://goo.gl/QDzHny:=:https://line.me/R/ti/p/%40tvbsnews 【被提醒履歷要附照！她怨「怕是恐龍？」　網力挺佛心人資】 https://news.tvbs.com.tw/life/908567,https://news.tvbs.com.tw/life/908567,,被提醒履歷要附照！她怨「怕是恐龍？」　網力挺佛心人資│TVBS新聞網,,,,125.0
TVBS 新聞,2032905,2018-04-27 12:10:00 SGT,Link,107,2,2,0,1,11,0,0,0,,0,0,0,https://www.facebook.com/tvbsfb/posts/10155352714265933,無所不用其極XDDDDDD 江湖在走，【 TVBS 新聞 官方Line】要有→https://goo.gl/QDzHny:=:https://line.me/R/ti/p/%40tvbsnews 【K書悶！學生讀書「妙招」　網友：我想讀書了】,https://news.tvbs.com.tw/life/909389,,K書悶！學生讀書「妙招」　網友：我想讀書了│TVBS新聞網,,,,123.0
TVBS 新聞,2032905,2018-04-27 20:20:00 SGT,Link,59,7,1,0,4,1,0,22,0,,0,0,0,https://www.facebook.com/tvbsfb/posts/10155353269840933,馬路如虎口啊！！！！ 江湖在走，【 TVBS 新聞 官方Line】要有→https://goo.gl/QDzHny:=:https://line.me/R/ti/p/%40tvbsnews 【玩命！滑板男無視車流　馬路當滑板場】,https://news.tvbs.com.tw/local/909751,,玩命！滑板男無視車流　馬路當滑板場│TVBS新聞網,,,,94.0
TVBS 新聞,2032905,2018-04-27 11:50:00 SGT,Link,87,0,0,0,5,2,0,0,0,,0,0,0,https://www.facebook.com/tvbsfb/posts/10155352631000933,真有這麼好的事？ 江湖在走，【 TVBS 新聞 官方Line】要有→https://goo.gl/QDzHny:=:https://line.me/R/ti/p/%40tvbsnews 【花花世界「真感情」？　舞孃爽過繼恩客6百萬遺產】,https://news.tvbs.com.tw/world/909369,,花花世界「真感情」？　舞孃爽過繼恩客6百萬遺產│TVBS新聞網,,,,94.0
TVBS 新聞,2032905,2018-04-27 17:15:00 SGT,Link,63,0,10,0,0,0,0,0,0,,0,0,0,https://www.facebook.com/tvbsfb/posts/10155352977990933,夏天不會著涼，但會熱昏阿! 快加【TVBS 新聞Line】精選話題報你知→https://goo.gl/QDzHny:=:https://line.me/R/ti/p/%40tvbsnews 【夏天需注意小細節，特別容易導致中暑】,http://h365.tvbs.com.tw/%E5%A4%8F%E5%A4%A9%E9%9C%80%E6%B3%A8%E6%84%8F%E5%B0%8F%E7%B4%B0%E7%AF%80%EF%BC%8C%E7%89%B9%E5%88%A5%E5%AE%B9%E6%98%93%E5%B0%8E%E8%87%B4%E4%B8%AD%E6%9A%91-News-670981.html,,夏天需注意小細節，特別容易導致中暑│TVBS,,,,73.0
TVBS 新聞,2032905,2018-04-27 22:00:13 SGT,Link,59,2,0,0,4,5,0,0,0,,0,0,0,https://www.facebook.com/tvbsfb/posts/10155353526015933,給正恩滿滿的安～全～感～XDDDD 江湖在走，【 TVBS 新聞 官方Line】要有→https://goo.gl/QDzHny:=:https://line.me/R/ti/p/%40tvbsnews 【沒安全感？除了自備筆簽名　金正恩連「這個」都自己帶】,https://news.tvbs.com.tw/world/909647,,沒安全感？除了自備筆簽名　金正恩連「這個」都自己帶│TVBS新聞網,,,,70.0
TVBS 新聞,2032825,2018-04-26 11:30:01 SGT,Native Video,50,3,6,5,1,0,0,0,0,crosspost,23695,23774,327534,https://www.facebook.com/tvbsfb/posts/10155350430295933,母親節 🌺 買個禮物送給媽媽吧！🎁 媽媽永遠把家庭和小孩擺第一 🤱 ，卻忽略了也要好好對待自己！😭 從現在起媽媽的健康就交給我們！💪 守護媽咪健康從頭開始！💋 #dysonsupersonic吹風機 #母親節買一支送給媽媽 🗓 5/9-5/13 帶媽媽 🔜 台北BR4體驗 Dyson supersonic 吹風機 👉 了解更多 ▶ https://shop.dyson.tw/hair-care,https://www.facebook.com/tvbsfb/videos/1710513212318687/,,母親節買個禮物送給媽媽吧！守護媽咪健康從頭開始！,,,,65.0
TVBS 新聞,2032905,2018-04-27 19:27:48 SGT,Link,52,7,0,0,0,1,0,0,0,,0,0,0,https://www.facebook.com/tvbsfb/posts/10155353277230933,#最新 川普高度肯定文金會的歷史意義 江湖在走，【 TVBS 新聞 官方Line】要有→https://goo.gl/QDzHny:=:https://line.me/R/ti/p/%40tvbsnews 【川普推特讚文金會　但只有時間能證明】,https://news.tvbs.com.tw/world/909825,,川普推特讚文金會　但只有時間能證明│TVBS新聞網,,,,60.0
